1.0
0.8192771084337349
1.0
0.8947368421052632
0.2916666666666667
0.9629629629629629
1.0
1.0
0.7843137254901961
1.0
1.0
0.15384615384615383
0.11538461538461539
1.0
0.8421052631578947
0.1794871794871795
1.0
0.39999999999999997
0.6896551724137931
0.9705882352941176
0.2033898305084746
0.4444444444444445
0.2318840579710145
0.7578947368421052
1.0
0.5964912280701754
0.673076923076923
0.12500000000000003
0.22857142857142856
0.07272727272727272
1.0
0.14814814814814814
0.9836065573770492
0.10526315789473685
0.7126436781609196
0.14285714285714285
0.08219178082191779
0.3773584905660378
1.0
0.9444444444444444
0.9230769230769231
0.9210526315789475
0.15384615384615383
0.631578947368421
0.09999999999999999
0.1627906976744186
1.0
0.28571428571428575
0.96875
1.0
0.29411764705882354
0.22857142857142854
0.5185185185185185
0.15384615384615383
1.0
0.14285714285714282
0.8253968253968255
1.0
1.0
0.1282051282051282
1.0
0.823529411764706
0.9052631578947369
1.0
0.5
0.8172043010752689
0.20895522388059704
0.208955223880597
0.5853658536585366
0.3
0.7228915662650601
1.0
1.0
0.1
1.0
0.9411764705882353
0.9655172413793104
0.136986301369863
0.2127659574468085
0.9589041095890412
1.0
1.0
1.0
1.0
0.10666666666666667
0.1111111111111111
0.8235294117647058
0.9318181818181819
0.3235294117647059
1.0
1.0
0.17647058823529413
0.2608695652173913
1.0
0.8181818181818182
1.0
0.3018867924528302
0.8113207547169812
1.0
0.8354430379746836
1.0
0.13333333333333333
1.0
0.14035087719298245
0.23376623376623376
0.125
1.0
1.0
1.0
0.8172043010752689
1.0
0.8863636363636364
1.0
0.14545454545454548
1.0
1.0
0.33333333333333337
0.25
0.09677419354838708
0.8695652173913043
0.35000000000000003
0.3225806451612903
0.05555555555555555
1.0
0.44827586206896547
0.2456140350877193
0.1702127659574468
0.02666666666666667
0.38
1.0
1.0
0.30188679245283023
0.339622641509434
0.717948717948718
0.9411764705882353
1.0
0.18749999999999997
1.0
0.8372093023255814
0.75
0.9180327868852458
0.7901234567901234
1.0
1.0
0.125
0.16216216216216214
0.746268656716418
0.11904761904761907
0.13333333333333333
0.9696969696969697
0.2553191489361702
0.10169491525423728
1.0
0.1851851851851852
0.13333333333333333
0.9
0.2545454545454545
0.29787234042553196
0.2807017543859649
0.163265306122449
0.8
0.33962264150943394
0.9714285714285714
0.4470588235294118
0.36363636363636365
0.19672131147540983
0.37499999999999994
1.0
0.15151515151515152
0.32
0.16666666666666666
0.4888888888888889
0.6206896551724139
0.925
0.5
0.20512820512820512
1.0
0.958904109589041
1.0
0.11764705882352941
0.22580645161290322
0.6732673267326732
0.11428571428571428
0.11764705882352942
0.1587301587301587
0.9268292682926829
0.32
0.21428571428571427
0.23809523809523808
0.3137254901960784
1.0
1.0
0.863157894736842
1.0
0.9032258064516129
1.0
1.0
0.49180327868852464
1.0
0.875
0.47457627118644075
0.26666666666666666
1.0
0.24000000000000002
0.19718309859154928
0.9041095890410958
1.0
0.8947368421052632
0.9761904761904762
1.0
0.24242424242424243
0.2535211267605634
0.39024390243902435
0.10666666666666666
0.2916666666666667
0.13043478260869565
0.1639344262295082
0.2222222222222222
0.15789473684210525
0.9152542372881356
0.09302325581395347
0.21818181818181817
0.3661971830985915
1.0
1.0
0.1568627450980392
1.0
0.9010989010989011
0.39344262295081966
1.0
1.0
0.7692307692307693
0.923076923076923
1.0
0.3333333333333333
1.0
1.0
1.0
0.17777777777777776
1.0
0.7228915662650601
0.3888888888888889
0.4074074074074074
0.4363636363636364
1.0
1.0
0.6769230769230768
0.2222222222222222
0.5862068965517242
0.06349206349206349
0.12244897959183672
1.0
0.21621621621621623
0.33333333333333337
0.8080808080808081
0.8888888888888888
0.14634146341463414
1.0
0.2580645161290323
0.23076923076923075
1.0
1.0
1.0
0.33898305084745767
0.13636363636363635
0.09302325581395347
1.0
0.10169491525423728
0.3278688524590164
0.2622950819672131
0.9285714285714286
0.9382716049382716
0.35897435897435903
0.9736842105263158
1.0
0.1702127659574468
1.0
0.13043478260869565
1.0
0.05555555555555555
0.2222222222222222
1.0
1.0
1.0
0.417910447761194
0.888888888888889
0.9382716049382717
0.20183486238532108
1.0
0.3076923076923077
1.0
0.9375
0.16949152542372883
0.18181818181818182
0.10526315789473684
0.9777777777777777
0.21333333333333332
1.0
0.09523809523809523
0.13333333333333333
1.0
0.6190476190476191
0.20512820512820512
1.0
1.0
1.0
0.4
1.0
0.6935483870967742
0.9523809523809523
0.4444444444444444
0.27906976744186046
1.0
0.7450980392156863
0.10344827586206896
0.24000000000000005
0.1694915254237288
0.16
1.0
0.13698630136986303
0.9090909090909091
0.12307692307692307
0.15
0.9629629629629629
0.2222222222222222
1.0
0.18181818181818182
0.15384615384615383
1.0
0.11111111111111113
0.9454545454545454
0.8041237113402062
1.0
0.9767441860465116
0.9375
1.0
1.0
1.0
0.39999999999999997
0.7586206896551725
1.0
0.17857142857142858
0.1111111111111111
1.0
0.3508771929824561
0.15238095238095237
0.9259259259259259
0.9565217391304348
1.0
0.3103448275862069
0.3076923076923077
0.972972972972973
0.9811320754716981
0.6415094339622642
0.0784313725490196
1.0
0.9411764705882352
0.4528301886792453
0.14285714285714285
0.18181818181818185
0.1904761904761905
0.8070175438596492
1.0
0.7012987012987012
0.7804878048780487
1.0
1.0
0.3714285714285715
1.0
0.761904761904762
0.1518987341772152
0.7155963302752293
1.0
0.2471910112359551
1.0
0.5070422535211268
0.9268292682926829
1.0
0.22950819672131145
1.0
1.0
0.8979591836734694
0.8125
0.16216216216216217
0.8307692307692308
1.0
0.8034188034188035
0.49275362318840565
0.8717948717948718
0.12765957446808512
1.0
0.9411764705882353
1.0
0.8571428571428571
1.0
0.09302325581395349
0.9176470588235294
0.24242424242424243
0.24242424242424243
0.9629629629629629
0.1724137931034483
0.2222222222222222
0.16216216216216214
1.0
0.14285714285714285
0.958904109589041
0.33333333333333337
0.8705882352941177
0.3571428571428571
0.2857142857142857
1.0
1.0
0.2777777777777778
0.2857142857142857
0.2222222222222222
0.676470588235294
1.0
1.0
0.17543859649122806
1.0
0.16901408450704225
0.32653061224489793
0.30434782608695654
1.0
0.19607843137254902
0.9836065573770492
0.32142857142857145
0.07272727272727272
0.9863013698630138
0.19999999999999998
1.0
0.09836065573770493
0.14634146341463414
1.0
0.075
0.0923076923076923
1.0
1.0
0.8674698795180723
0.059701492537313425
1.0
0.30303030303030304
1.0
0.15384615384615385
1.0
1.0
0.9473684210526315
1.0
0.3333333333333333
1.0
0.3137254901960785
0.2380952380952381
0.13513513513513511
0.65
1.0
0.1935483870967742
1.0
0.1568627450980392
0.782608695652174
0.2
0.1702127659574468
0.16
0.14814814814814817
0.4166666666666667
0.9411764705882353
1.0
0.08695652173913043
0.8311688311688312
0.9473684210526315
1.0
1.0
0.18867924528301885
0.9382716049382717
0.6326530612244897
1.0
0.26666666666666666
0.3333333333333333
0.17777777777777776
0.10344827586206896
0.32653061224489793
0.8823529411764706
0.17241379310344826
0.7924528301886793
1.0
0.9411764705882353
1.0
1.0
0.3076923076923077
0.21276595744680854
0.9052631578947369
0.20289855072463767
0.8928571428571429
0.8611111111111112
1.0
1.0
1.0
0.17283950617283952
0.09836065573770492
0.14634146341463414
0.4057971014492754
0.3
0.3636363636363636
0.5531914893617023
0.19672131147540983
0.22727272727272724
0.9135802469135803
0.918918918918919
0.1951219512195122
1.0
1.0
0.5483870967741935
0.9491525423728815
0.12244897959183673
0.18181818181818182
1.0
1.0
0.9315068493150684
0.20000000000000004
1.0
0.728813559322034
0.14705882352941177
0.46875
0.2903225806451613
1.0
0.782608695652174
1.0
0.1956521739130435
0.17543859649122806
1.0
1.0
0.9508196721311476
0.8518518518518519
1.0
0.15873015873015872
0.2549019607843137
0.4888888888888889
1.0
0.9010989010989012
0.19047619047619047
1.0
0.8141592920353982
0.5217391304347826
0.8787878787878789
0.2903225806451613
0.9156626506024097
0.1518987341772152
0.23333333333333334
1.0
0.9
0.7142857142857142
0.9180327868852459
0.17777777777777778
0.20689655172413796
0.6153846153846154
0.8181818181818182
1.0
1.0
0.32432432432432434
0.9772727272727273
0.25531914893617025
1.0
0.09999999999999999
0.12307692307692307
0.9565217391304348
1.0
0.8433734939759038
0.9387755102040817
0.38095238095238104
1.0
0.6938775510204082
0.058823529411764705
0.2727272727272727
0.24999999999999994
1.0
1.0
1.0
0.44000000000000006
0.11538461538461538
1.0
0.9666666666666667
0.22950819672131145
0.34285714285714286
1.0
0.9393939393939394
0.37288135593220334
0.6486486486486487
1.0
0.3
0.9523809523809523
0.7578947368421053
0.9333333333333333
0.10256410256410255
0.28571428571428575
0.10810810810810811
0.1276595744680851
1.0
0.7419354838709677
0.2809917355371901
0.8888888888888888
0.3888888888888889
0.12244897959183673
1.0
0.4242424242424242
0.1111111111111111
1.0
0.955223880597015
0.5714285714285715
0.8076923076923077
0.43689320388349523
0.07692307692307693
0.2962962962962963
0.961038961038961
1.0
0.1818181818181818
1.0
0.0816326530612245
1.0
0.3414634146341463
0.15789473684210528
1.0
0.14035087719298248
0.7317073170731707
1.0
0.9090909090909091
0.32786885245901637
1.0
1.0
0.6666666666666665
0.1935483870967742
0.2916666666666667
0.9459459459459459
1.0
0.5333333333333333
0.2222222222222222
0.41379310344827586
0.851063829787234
0.9714285714285714
0.27586206896551724
0.2898550724637681
1.0
0.5789473684210525
1.0
1.0
0.8169014084507041
0.853932584269663
0.33333333333333337
0.8888888888888891
0.14634146341463414
0.7346938775510203
0.9722222222222222
0.5365853658536586
0.823529411764706
1.0
0.2553191489361702
1.0
1.0
0.15384615384615383
0.972972972972973
0.9487179487179489
1.0
0.3448275862068966
0.12307692307692307
1.0
0.924731182795699
0.0909090909090909
0.15873015873015872
0.17647058823529413
0.1724137931034483
0.15625
0.33333333333333337
1.0
1.0
0.13333333333333333
0.16216216216216217
0.15094339622641512
0.061538461538461535
0.4210526315789474
0.18604651162790697
0.8
0.11267605633802817
0.17391304347826086
0.16666666666666666
0.9444444444444444
1.0
1.0
1.0
0.13114754098360656
0.6315789473684209
0.12154696132596685
0.11904761904761905
1.0
1.0
0.9500000000000001
0.6909090909090909
0.0759493670886076
1.0
1.0
0.07272727272727272
0.25925925925925924
0.8947368421052632
0.9428571428571428
0.19607843137254902
0.22727272727272727
1.0
0.9523809523809523
0.8666666666666666
0.8791208791208792
1.0
0.125
1.0
0.09230769230769229
1.0
0.7647058823529411
0.835820895522388
0.88
0.3
1.0
0.13043478260869565
0.35294117647058826
1.0
1.0
0.1818181818181818
1.0
0.11538461538461538
0.823529411764706
0.1772151898734177
0.37647058823529417
0.1851851851851852
0.16666666666666666
0.30769230769230776
0.12244897959183675
0.9411764705882353
1.0
1.0
1.0
0.15384615384615383
0.23404255319148934
1.0
1.0
0.4583333333333333
0.32558139534883723
1.0
0.1568627450980392
1.0
0.9302325581395349
0.2325581395348837
0.9387755102040817
1.0
0.48979591836734687
0.9610389610389611
1.0
0.30769230769230765
1.0
0.19718309859154928
0.09523809523809525
0.9705882352941176
0.9056603773584906
0.3018867924528302
0.13953488372093023
0.23076923076923078
1.0
0.96
0.9491525423728815
1.0
1.0
1.0
0.11320754716981134
1.0
1.0
1.0
1.0
0.9473684210526316
0.22222222222222224
0.21052631578947367
0.3928571428571429
0.42424242424242425
1.0
0.21276595744680854
0.0967741935483871
0.2121212121212121
0.8307692307692307
1.0
1.0
0.14285714285714285
0.325
0.2545454545454546
0.15
0.2857142857142857
0.1
0.7727272727272727
0.9743589743589743
0.3333333333333333
0.9767441860465117
0.13157894736842105
1.0
0.18181818181818185
0.09090909090909091
0.28
0.16216216216216214
0.7368421052631579
0.7228915662650601
0.14583333333333334
0.33333333333333337
0.27586206896551724
0.8059701492537313
1.0
0.7956989247311828
1.0
0.2368421052631579
1.0
0.96875
0.13559322033898305
0.15384615384615385
1.0
0.16216216216216214
0.1639344262295082
0.1904761904761905
0.2033898305084746
0.163265306122449
1.0
0.17204301075268816
0.2
1.0
0.07017543859649122
0.96875
0.9647058823529412
0.1282051282051282
0.17391304347826086
0.9259259259259259
0.975
1.0
1.0
0.9367088607594938
0.8131868131868131
0.07692307692307691
0.09523809523809525
0.2978723404255319
1.0
1.0
0.2631578947368421
1.0
0.21428571428571427
0.17391304347826086
0.22950819672131148
1.0
1.0
0.26666666666666666
1.0
0.18181818181818182
0.4329896907216495
0.14035087719298245
0.21212121212121213
0.7200000000000001
1.0
0.8470588235294116
0.8222222222222223
0.21875
1.0
1.0
0.2173913043478261
1.0
1.0
1.0
0.851063829787234
0.08695652173913043
0.4266666666666667
1.0
1.0
0.5
1.0
1.0
0.23529411764705876
0.21428571428571427
1.0
1.0
1.0
0.7916666666666666
1.0
1.0
0.3137254901960784
0.38297872340425526
0.56
0.12345679012345678
0.8372093023255814
0.968421052631579
1.0
0.10416666666666667
0.12000000000000001
1.0
0.126984126984127
0.14545454545454545
0.23728813559322035
0.8571428571428572
0.7272727272727273
1.0
0.19999999999999998
0.8490566037735848
0.21428571428571427
0.9014084507042254
1.0
1.0
0.08333333333333333
0.9642857142857143
1.0
0.09876543209876543
1.0
1.0
0.24175824175824176
1.0
1.0
0.22222222222222224
0.9696969696969697
0.5344827586206897
1.0
0.1333333333333333
0.20289855072463767
0.897196261682243
0.23809523809523808
0.25531914893617025
0.16129032258064516
1.0
0.1509433962264151
0.9090909090909091
0.825
1.0
0.90625
0.12244897959183673
0.11363636363636363
1.0
0.9870129870129869
0.3157894736842105
0.14634146341463414
0.3333333333333333
0.16129032258064516
0.13043478260869565
1.0
0.923076923076923
0.18604651162790697
0.19718309859154928
1.0
0.19753086419753088
0.2745098039215686
0.4444444444444445
0.9523809523809523
1.0
1.0
0.9767441860465117
1.0
0.8163265306122449
1.0
0.07142857142857142
1.0
1.0
0.9487179487179489
0.8674698795180723
0.14705882352941177
0.07407407407407408
0.34375
1.0
1.0
1.0
0.8648648648648649
0.1518987341772152
0.12765957446808512
0.6190476190476191
1.0
0.33766233766233766
0.05000000000000001
0.24096385542168675
1.0
1.0
0.787878787878788
0.08333333333333333
0.15
0.2926829268292683
0.1797752808988764
0.21621621621621623
0.21874999999999997
0.21333333333333332
0.44067796610169496
1.0
0.21818181818181817
0.9565217391304348
0.9
1.0
1.0
0.6829268292682927
1.0
1.0
1.0
0.3768115942028986
0.3636363636363636
0.4
0.32653061224489793
0.3902439024390244
1.0
1.0
0.9705882352941176
1.0
1.0
0.588235294117647
1.0
0.2278481012658228
0.21875
0.8636363636363636
1.0
1.0
0.3103448275862069
0.24000000000000005
0.11764705882352941
0.48
0.96875
0.968421052631579
1.0
0.06451612903225806
1.0
1.0
0.15789473684210525
0.1142857142857143
1.0
0.13513513513513514
1.0
0.15584415584415584
0.2162162162162162
1.0
0.9382716049382716
0.8157894736842105
1.0
0.967741935483871
0.968421052631579
1.0
0.22727272727272727
0.16666666666666666
0.1702127659574468
0.14285714285714285
0.3255813953488372
1.0
0.25
1.0
0.9310344827586207
0.0784313725490196
0.40579710144927533
0.24999999999999994
0.9714285714285714
1.0
0.810126582278481
0.17647058823529413
0.13793103448275862
0.25
0.6451612903225807
0.9523809523809523
0.9523809523809523
0.17391304347826086
0.8484848484848485
0.25
1.0
0.11494252873563218
0.8780487804878049
0.4444444444444445
1.0
0.22727272727272727
0.9841269841269841
0.2456140350877193
0.8979591836734694
0.988235294117647
0.4878048780487805
0.9736842105263158
1.0
1.0
0.25641025641025644
0.2711864406779661
0.9615384615384616
0.23809523809523808
0.4999999999999999
0.19999999999999998
0.9696969696969697
0.5490196078431373
0.9863013698630138
0.32558139534883723
0.14285714285714285
0.9824561403508771
0.4285714285714286
0.39215686274509803
0.26415094339622636
0.1951219512195122
0.275
0.24137931034482757
0.27397260273972607
0.1411764705882353
0.14814814814814817
0.225
0.0923076923076923
1.0
0.9599999999999999
1.0
0.17857142857142858
0.19999999999999998
1.0
0.14457831325301204
0.10714285714285715
0.9743589743589743
1.0
0.8674698795180724
0.21428571428571427
0.20689655172413793
1.0
1.0
0.9473684210526315
0.2
1.0
0.4081632653061224
1.0
1.0
1.0
0.23255813953488372
0.10526315789473685
1.0
1.0
0.5128205128205129
0.136986301369863
0.21333333333333332
0.9024390243902439
1.0
1.0
1.0
1.0
0.2380952380952381
0.12987012987012989
1.0
0.9176470588235294
0.1509433962264151
0.2222222222222222
1.0
0.3448275862068965
0.30769230769230765
0.15999999999999998
1.0
0.38095238095238104
0.9487179487179489
1.0
0.8571428571428572
0.11764705882352941
0.962962962962963
0.13043478260869568
0.5405405405405405
0.14925373134328357
0.6274509803921569
0.1935483870967742
0.19230769230769232
1.0
1.0
1.0
0.9615384615384616
0.18750000000000003
1.0
0.9629629629629629
0.27586206896551724
0.6190476190476191
0.12244897959183672
0.13186813186813187
0.1639344262295082
1.0
0.19444444444444445
1.0
0.9863013698630138
1.0
0.9655172413793104
0.16
0.8571428571428571
0.8529411764705883
0.9285714285714286
0.1348314606741573
1.0
0.30769230769230765
0.35555555555555557
0.96875
0.48648648648648657
0.21052631578947367
0.955223880597015
1.0
0.04
0.2571428571428572
0.59375
1.0
0.22727272727272727
0.7368421052631579
1.0
1.0
0.9629629629629629
0.043478260869565216
0.10000000000000002
0.7619047619047618
1.0
0.2
0.17543859649122806
0.2857142857142857
0.967741935483871
0.20512820512820512
0.9411764705882353
0.9285714285714286
0.17543859649122806
1.0
0.9647058823529412
1.0
1.0
0.972972972972973
0.6481481481481483
1.0
1.0
0.07894736842105263
1.0
0.15384615384615385
0.7073170731707318
0.4
0.3870967741935483
1.0
0.2777777777777778
0.896551724137931
0.4878048780487805
0.22727272727272727
0.33333333333333337
1.0
0.9
0.5185185185185185
0.9295774647887325
1.0
0.923076923076923
0.13333333333333336
1.0
1.0
1.0
0.16
0.16216216216216214
0.7999999999999999
1.0
1.0
1.0
1.0
0.6944444444444445
0.14634146341463414
1.0
1.0
0.8631578947368421
0.15384615384615383
0.8
1.0
1.0
0.8857142857142857
1.0
0.8974358974358974
1.0
0.3870967741935484
0.9824561403508771
0.1967213114754098
1.0
0.13043478260869565
0.21739130434782608
0.6000000000000001
0.96
1.0
0.9545454545454546
0.9142857142857143
0.5098039215686274
0.22857142857142856
0.1794871794871795
0.06779661016949153
1.0
1.0
0.1728395061728395
0.1917808219178082
0.942528735632184
0.9090909090909091
0.9117647058823528
0.13953488372093023
1.0
0.17857142857142858
0.2
0.923076923076923
0.7532467532467533
0.08333333333333333
0.5
1.0
0.3880597014925373
1.0
0.23333333333333334
1.0
1.0
0.16666666666666666
1.0
1.0
0.18518518518518517
0.16666666666666669
0.7936507936507937
1.0
0.9259259259259259
0.5142857142857143
1.0
0.06451612903225806
0.2173913043478261
0.13333333333333333
1.0
1.0
1.0
0.9870129870129869
0.17647058823529413
0.9230769230769231
1.0
0.2692307692307693
0.16666666666666666
0.1568627450980392
0.16666666666666663
0.34615384615384615
0.8571428571428572
0.13636363636363635
0.2631578947368421
1.0
1.0
0.6909090909090909
1.0
0.3380281690140845
0.125
0.3
0.17777777777777778
1.0
0.208955223880597
0.0967741935483871
0.19999999999999998
1.0
0.9459459459459459
0.18867924528301885
1.0
1.0
0.18867924528301885
0.3870967741935484
0.18518518518518515
0.45
1.0
1.0
0.5294117647058824
0.19718309859154928
1.0
0.7317073170731708
1.0
0.9705882352941176
0.16326530612244897
1.0
0.15384615384615383
0.7441860465116279
0.5185185185185186
0.8041237113402062
0.35616438356164387
0.9538461538461539
0.17647058823529413
0.8636363636363636
0.9811320754716981
0.06666666666666667
0.7647058823529411
1.0
0.08163265306122448
0.14925373134328357
0.14285714285714285
0.18181818181818182
0.1276595744680851
0.19444444444444445
0.32876712328767127
0.07692307692307691
1.0
0.955223880597015
0.16666666666666666
0.37499999999999994
1.0
1.0
0.09374999999999999
0.29268292682926833
0.4
1.0
0.3589743589743589
1.0
0.3404255319148936
0.8979591836734693
0.9180327868852459
1.0
0.14814814814814817
0.8205128205128205
1.0
0.12000000000000002
0.20930232558139536
1.0
1.0
0.15789473684210528
1.0
0.9032258064516129
0.14285714285714288
0.96
1.0
0.7222222222222222
0.9811320754716981
0.18181818181818182
1.0
0.8674698795180723
0.17391304347826086
0.4680851063829787
0.0
0.5294117647058824
0.9761904761904762
0.1818181818181818
0.20338983050847456
0.927536231884058
0.22727272727272724
1.0
0.9772727272727273
0.06060606060606061
0.8333333333333334
0.21052631578947364
1.0
0.9500000000000001
0.1714285714285714
0.9047619047619047
0.07142857142857141
0.4242424242424242
0.1886792452830189
0.9130434782608695
1.0
0.12345679012345678
1.0
0.8135593220338982
1.0
0.8372093023255813
0.5742574257425743
0.19444444444444448
0.2978723404255319
0.9662921348314608
0.20289855072463767
1.0
0.0625
0.7916666666666666
0.7500000000000001
0.13333333333333333
0.4615384615384615
0.96875
0.9655172413793104
0.13513513513513511
0.2564102564102564
1.0
0.9714285714285714
0.08695652173913043
0.7027027027027025
0.8333333333333333
0.912280701754386
0.782608695652174
1.0
0.30769230769230765
0.4444444444444445
0.5106382978723404
0.13793103448275862
1.0
0.26086956521739135
0.963855421686747
0.3132530120481928
1.0
1.0
0.28571428571428575
0.5686274509803921
0.9523809523809524
0.4285714285714286
0.1728395061728395
0.1276595744680851
0.08333333333333333
0.3870967741935484
0.9268292682926829
0.3448275862068966
0.2295081967213115
1.0
0.4
0.8666666666666666
0.2597402597402597
1.0
0.6666666666666665
0.16842105263157894
0.24390243902439024
0.2127659574468085
0.15384615384615385
0.2608695652173913
0.1951219512195122
0.2608695652173913
0.3
1.0
0.5
0.3243243243243243
0.1764705882352941
0.7356321839080459
1.0
0.6808510638297872
0.20000000000000004
0.3902439024390244
0.5862068965517241
0.0983606557377049
0.19718309859154928
0.253968253968254
1.0
0.12903225806451615
0.9722222222222222
1.0
0.23076923076923075
0.07407407407407407
0.8791208791208792
0.951219512195122
1.0
0.2641509433962264
0.2
0.8260869565217391
0.8444444444444443
0.16393442622950818
0.9230769230769231
1.0
0.2325581395348837
0.15384615384615383
0.0425531914893617
1.0
0.9850746268656716
0.8831168831168831
0.9130434782608696
0.835820895522388
1.0
0.9473684210526315
0.0967741935483871
0.19753086419753083
0.9545454545454546
0.17721518987341772
0.851063829787234
1.0
1.0
1.0
0.21428571428571427
1.0
1.0
0.9589041095890412
0.1132075471698113
0.4210526315789474
0.18867924528301885
0.7796610169491525
0.12121212121212123
0.8444444444444443
0.691588785046729
0.608
0.11594202898550725
0.9397590361445783
0.4109589041095891
1.0
1.0
0.09523809523809525
0.8636363636363636
0.8857142857142858
0.8656716417910447
1.0
0.11111111111111112
0.21276595744680848
1.0
1.0
1.0
0.12698412698412698
1.0
0.4477611940298507
0.8813559322033898
0.22222222222222224
0.12345679012345678
0.1791044776119403
0.8780487804878049
1.0
0.7894736842105262
0.38095238095238093
0.5
1.0
1.0
1.0
1.0
0.37735849056603776
1.0
1.0
0.2181818181818182
1.0
0.27272727272727276
1.0
0.2033898305084746
0.9152542372881356
1.0
1.0
1.0
0.1643835616438356
0.9850746268656716
0.8051948051948051
0.2380952380952381
0.9523809523809524
0.22857142857142854
0.5897435897435898
1.0
0.12371134020618557
0.8679245283018868
0.15625
0.1754385964912281
0.3137254901960784
0.15151515151515152
0.2631578947368421
0.06779661016949153
1.0
1.0
0.23255813953488372
0.24999999999999994
0.23529411764705885
0.8070175438596492
0.26470588235294124
0.19672131147540986
1.0
0.9433962264150944
0.1739130434782609
0.7333333333333334
0.2686567164179105
1.0
0.8399999999999999
0.3209876543209877
0.125
0.6190476190476191
0.9615384615384616
1.0
0.8974358974358974
0.5901639344262295
0.2127659574468085
0.1
1.0
0.2608695652173913
1.0
0.13333333333333333
1.0
1.0
0.2105263157894737
1.0
0.3636363636363636
1.0
1.0
0.8157894736842105
1.0
1.0
0.23529411764705882
0.39999999999999997
0.2058823529411765
0.19672131147540986
0.76
0.912280701754386
1.0
0.9361702127659574
0.32
0.11428571428571427
1.0
0.3703703703703704
0.05263157894736842
0.7578947368421053
0.7727272727272727
0.3225806451612903
0.1276595744680851
0.17777777777777778
0.9411764705882353
0.8799999999999999
0.225
1.0
1.0
0.6666666666666665
1.0
1.0
0.8666666666666666
1.0
0.7920792079207921
0.15384615384615383
1.0
0.2666666666666666
0.17543859649122803
1.0
0.25
0.32
0.3174603174603175
1.0
0.375
0.2285714285714286
0.13559322033898305
0.5306122448979592
0.9032258064516129
1.0
0.23529411764705882
0.24000000000000005
1.0
1.0
0.3333333333333333
0.9666666666666667
0.18518518518518517
0.4615384615384615
1.0
1.0
1.0
0.7959183673469388
0.4
0.48648648648648646
1.0
0.17857142857142855
1.0
0.9090909090909091
0.6
0.1081081081081081
0.196078431372549
0.1724137931034483
0.08955223880597016
1.0
0.923076923076923
0.25925925925925924
0.29629629629629634
0.2941176470588235
1.0
0.08450704225352113
0.4848484848484849
1.0
0.18518518518518517
0.8181818181818181
0.9523809523809523
0.845360824742268
1.0
0.5573770491803278
1.0
0.1923076923076923
0.9024390243902439
0.17391304347826086
0.2553191489361702
0.21212121212121213
0.07692307692307691
1.0
0.18181818181818182
0.16666666666666669
0.1904761904761905
0.22727272727272724
0.3548387096774194
0.625
1.0
0.31884057971014496
0.16666666666666666
0.11267605633802817
0.09523809523809523
0.9473684210526316
0.3333333333333333
0.888888888888889
0.9433962264150944
1.0
0.5294117647058824
1.0
0.9736842105263158
0.9047619047619047
0.9397590361445783
0.3870967741935484
0.8695652173913043
0.9705882352941176
0.8314606741573034
0.9367088607594938
0.8113207547169812
0.1754385964912281
0.9090909090909091
0.4081632653061225
0.10526315789473684
0.2456140350877193
0.6666666666666667
0.8205128205128205
1.0
0.5757575757575758
0.5161290322580645
0.4117647058823529
0.13559322033898305
1.0
0.20512820512820512
0.11267605633802817
0.19047619047619047
0.8524590163934426
1.0
1.0
0.9411764705882353
0.8166666666666667
1.0
1.0
1.0
0.18867924528301885
0.7216494845360824
1.0
1.0
0.14035087719298245
1.0
0.09090909090909093
0.5
1.0
0.28125
0.2711864406779661
0.4727272727272727
1.0
0.20338983050847456
0.4313725490196078
0.0909090909090909
0.33333333333333326
1.0
0.2727272727272727
0.25
0.14285714285714282
0.9166666666666666
0.275
0.1927710843373494
0.23529411764705882
0.15686274509803924
0.052631578947368425
1.0
1.0
0.11111111111111112
0.23076923076923075
0.23684210526315788
0.4923076923076923
0.3636363636363636
1.0
0.8936170212765957
0.9444444444444444
0.2978723404255319
0.9615384615384616
0.2
1.0
1.0
0.09523809523809525
0.9655172413793104
0.13114754098360654
0.9130434782608695
0.19999999999999998
0.18181818181818182
0.13157894736842105
1.0
0.23255813953488372
1.0
0.2745098039215686
0.25
0.2745098039215686
0.13333333333333333
0.23076923076923078
0.1951219512195122
0.8148148148148148
0.627906976744186
1.0
0.24999999999999994
0.38297872340425526
0.06896551724137931
0.5970149253731344
0.3181818181818182
1.0
0.8627450980392156
0.8666666666666667
1.0
0.24489795918367346
1.0
0.17142857142857143
0.19230769230769232
0.9361702127659575
1.0
0.169811320754717
0.0975609756097561
0.17721518987341772
0.8533333333333334
0.09677419354838708
0.20588235294117646
0.9714285714285714
0.9206349206349206
0.11267605633802817
0.5964912280701754
1.0
0.09999999999999999
0.13953488372093023
0.06666666666666667
0.14285714285714288
0.17543859649122803
1.0
0.32
0.07407407407407407
0.9666666666666667
0.9782608695652174
0.9615384615384616
0.2222222222222222
0.34782608695652173
0.19354838709677416
0.33333333333333337
0.22222222222222224
0.31999999999999995
0.10169491525423728
0.0625
0.4444444444444444
0.3225806451612903
1.0
0.7524752475247525
0.4782608695652174
0.2941176470588235
0.08823529411764706
0.14545454545454548
0.684931506849315
0.6133333333333333
0.8333333333333333
0.4470588235294118
0.15151515151515152
0.25
0.17857142857142858
0.1818181818181818
1.0
1.0
0.10810810810810811
1.0
0.23728813559322035
0.16091954022988506
0.7540983606557377
0.918918918918919
0.10256410256410256
1.0
0.782608695652174
0.8387096774193549
1.0
1.0
0.26666666666666666
0.9142857142857143
1.0
1.0
0.3
0.9148936170212766
0.8163265306122448
1.0
0.9705882352941176
0.6136363636363638
0.9523809523809523
0.9473684210526316
1.0
1.0
0.3272727272727273
0.26666666666666666
0.6341463414634146
0.2727272727272727
0.14814814814814817
1.0
0.15789473684210525
1.0
1.0
0.2
0.5773195876288659
0.22580645161290322
0.7578947368421053
0.22580645161290322
1.0
0.12987012987012986
1.0
0.851063829787234
1.0
0.25
0.14285714285714288
1.0
0.8181818181818181
0.1568627450980392
0.10909090909090909
0.78
0.32142857142857145
1.0
0.1509433962264151
0.0923076923076923
0.3137254901960784
1.0
1.0
0.25925925925925924
0.54
1.0
1.0
1.0
0.22222222222222224
0.9411764705882353
0.06153846153846154
0.1509433962264151
0.9090909090909091
0.16216216216216214
0.8297872340425532
0.9066666666666667
0.85
0.32142857142857145
0.5416666666666666
0.9545454545454546
0.8041237113402061
0.0909090909090909
0.7500000000000001
0.9206349206349206
0.6582278481012658
0.16129032258064516
1.0
1.0
0.3050847457627119
0.22641509433962267
0.1038961038961039
0.1818181818181818
0.16470588235294117
0.1724137931034483
0.15789473684210525
1.0
0.15789473684210525
0.96875
0.2545454545454546
0.19047619047619052
0.253968253968254
0.12903225806451613
0.23529411764705882
1.0
0.9523809523809523
1.0
1.0
0.27027027027027023
0.27027027027027023
0.7192982456140351
0.18181818181818182
0.9655172413793104
1.0
0.14814814814814817
1.0
0.6666666666666667
0.8433734939759038
1.0
0.24000000000000002
1.0
0.13333333333333333
1.0
0.23376623376623373
0.16666666666666669
0.6111111111111112
0.13559322033898305
1.0
0.9375
0.24242424242424243
0.4186046511627907
0.17777777777777778
0.5106382978723404
0.380952380952381
0.5714285714285714
0.17142857142857143
1.0
0.5937499999999999
0.08571428571428572
0.962962962962963
0.21212121212121213
0.9696969696969697
0.6133333333333333
0.25
0.923076923076923
0.27586206896551724
0.7647058823529412
0.07692307692307693
0.8450704225352113
0.5581395348837209
0.28
0.9090909090909091
0.8955223880597014
1.0
0.44827586206896547
1.0
0.125
1.0
0.7906976744186046
0.16393442622950818
0.9722222222222222
0.8571428571428572
0.25
0.2608695652173913
0.33333333333333326
0.3043478260869565
0.10958904109589042
1.0
0.1702127659574468
0.8627450980392156
0.8571428571428572
0.9736842105263158
0.8076923076923077
1.0
0.20253164556962025
0.19672131147540986
0.25
0.9545454545454546
0.7865168539325842
0.15
0.8222222222222222
0.6575342465753424
1.0
1.0
0.30434782608695654
1.0
0.11764705882352941
0.5652173913043478
0.9523809523809523
0.07272727272727274
0.6666666666666665
0.15151515151515152
0.45161290322580644
0.8461538461538461
1.0
0.409090909090909
0.44999999999999996
0.9589041095890412
1.0
0.18181818181818185
0.9508196721311476
0.608
0.16666666666666666
0.045454545454545456
0.10989010989010989
0.12307692307692307
1.0
1.0
1.0
1.0
0.15151515151515152
1.0
0.375
0.9523809523809523
0.6451612903225806
1.0
0.782608695652174
0.15384615384615385
0.2413793103448276
0.23880597014925373
0.9411764705882353
1.0
0.8923076923076922
0.15384615384615383
0.9714285714285714
0.9565217391304348
0.5714285714285715
0.09302325581395349
0.2926829268292683
0.9662921348314608
1.0
0.3225806451612903
0.03508771929824561
1.0
0.10344827586206896
1.0
0.12765957446808512
0.972972972972973
0.975
0.21739130434782608
1.0
0.9599999999999999
0.22580645161290325
0.15
1.0
0.735632183908046
0.7536231884057971
0.96875
0.136986301369863
1.0
0.13793103448275862
0.12121212121212122
0.21428571428571427
1.0
0.7692307692307693
1.0
0.3278688524590164
0.780952380952381
1.0
1.0
0.6419753086419753
0.2222222222222222
0.8070175438596492
0.34285714285714286
1.0
1.0
0.08163265306122448
0.76
1.0
0.2222222222222222
0.8181818181818182
0.6511627906976744
0.2040816326530612
0.08333333333333333
0.6666666666666666
0.36363636363636365
0.759493670886076
1.0
0.14285714285714285
1.0
0.8888888888888888
0.9714285714285714
1.0
1.0
0.7727272727272727
0.14285714285714288
0.7391304347826086
1.0
1.0
0.14893617021276595
0.3214285714285714
0.14492753623188406
0.96
0.9135802469135803
0.16
0.13043478260869565
1.0
0.0
1.0
0.208955223880597
0.1904761904761905
0.14705882352941174
0.6415094339622641
0.1395348837209302
0.12658227848101267
1.0
1.0
0.9736842105263158
0.2580645161290323
0.2857142857142857
0.5
0.06153846153846154
1.0
1.0
0.8865979381443299
1.0
0.2916666666666667
1.0
0.5977011494252873
1.0
0.1639344262295082
1.0
0.9285714285714286
0.9024390243902439
1.0
0.17857142857142855
0.15625
0.14634146341463417
0.9565217391304348
0.845360824742268
0.9655172413793104
0.19999999999999998
0.16326530612244897
0.2666666666666666
0.9473684210526316
0.9014084507042254
0.9166666666666666
0.10169491525423728
0.13636363636363635
0.9870129870129869
0.7951807228915663
1.0
0.9253731343283583
0.23376623376623376
0.3529411764705882
0.7238095238095238
0.30769230769230765
0.951219512195122
0.3333333333333333
0.6037735849056604
0.9397590361445783
1.0
0.32142857142857145
0.8863636363636364
1.0
0.19354838709677416
0.1509433962264151
0.8823529411764706
0.29411764705882354
0.052631578947368425
1.0
0.96875
0.9818181818181818
0.25
0.2727272727272727
0.40579710144927533
0.9666666666666667
0.896551724137931
0.6213592233009708
0.3684210526315789
0.3728813559322034
0.24691358024691357
1.0
1.0
1.0
1.0
1.0
0.06382978723404255
1.0
1.0
0.830188679245283
1.0
0.23076923076923075
0.16
0.20952380952380953
0.8256880733944956
1.0
0.06349206349206349
0.8846153846153846
1.0
0.11920529801324503
0.16666666666666669
0.1951219512195122
0.19999999999999998
0.14814814814814814
0.8666666666666666
0.9642857142857143
0.9523809523809523
0.2647058823529412
0.888888888888889
0.19607843137254902
0.9620253164556962
0.20000000000000004
0.12244897959183675
0.10526315789473685
0.28571428571428575
1.0
0.37837837837837834
0.8163265306122449
0.22222222222222224
0.1739130434782609
1.0
0.7397260273972602
1.0
0.15384615384615383
1.0
1.0
1.0
0.23529411764705882
0.5
1.0
0.25641025641025644
0.2318840579710145
0.23809523809523808
0.1904761904761905
0.1702127659574468
0.576923076923077
0.3272727272727273
1.0
0.34782608695652173
0.8148148148148149
0.24561403508771928
0.1568627450980392
0.31884057971014496
1.0
0.9555555555555556
0.22950819672131145
1.0
0.26415094339622636
0.36111111111111105
0.9382716049382717
0.25
0.14035087719298245
1.0
0.25
0.8641975308641976
0.7567567567567568
0.2926829268292683
0.03921568627450981
1.0
0.2619047619047619
0.3209876543209877
0.9494949494949495
0.5714285714285715
0.19753086419753085
0.2727272727272727
0.65
0.08955223880597016
0.71875
0.16666666666666663
1.0
0.22222222222222224
0.0821917808219178
0.9523809523809523
0.2631578947368421
0.20588235294117646
1.0
0.9135802469135803
1.0
0.1714285714285714
0.7826086956521738
0.8260869565217391
1.0
1.0
0.16666666666666666
0.8947368421052632
0.15789473684210525
0.3684210526315789
0.9433962264150944
0.15873015873015872
0.96875
0.9583333333333334
0.8131868131868132
1.0
1.0
0.18666666666666665
1.0
1.0
0.787878787878788
0.20689655172413793
0.15789473684210528
0.09677419354838708
0.558139534883721
0.14545454545454548
0.8163265306122448
0.4
1.0
1.0
1.0
0.16666666666666666
0.12987012987012989
0.23529411764705882
0.48888888888888893
0.16666666666666666
1.0
0.27272727272727276
0.41025641025641024
0.19672131147540983
0.8857142857142857
0.0784313725490196
0.7384615384615385
0.25
0.12987012987012989
1.0
0.30985915492957744
1.0
0.9642857142857143
0.2926829268292683
0.12698412698412698
0.2588235294117647
1.0
1.0
0.9411764705882353
1.0
0.2631578947368421
0.19607843137254902
0.9444444444444444
0.8395061728395062
0.15151515151515152
0.125
0.9538461538461539
0.11538461538461538
0.22222222222222224
0.463768115942029
0.9090909090909091
0.21212121212121213
0.16470588235294117
1.0
0.9032258064516129
0.09999999999999999
1.0
1.0
1.0
0.24691358024691357
0.08333333333333333
0.18461538461538463
0.8282828282828282
0.2222222222222222
0.9176470588235294
1.0
0.3829787234042553
0.15730337078651688
0.4269662921348315
1.0
0.7407407407407407
0.21052631578947367
1.0
0.1764705882352941
0.0
0.21739130434782608
0.8395061728395062
1.0
0.12903225806451613
0.0975609756097561
0.075
0.18421052631578944
0.9655172413793104
1.0
0.16216216216216214
0.21875
0.20689655172413793
1.0
0.6363636363636364
0.4770642201834863
0.9361702127659574
0.07407407407407407
0.1904761904761905
0.24242424242424246
1.0
1.0
0.6451612903225806
1.0
0.9523809523809523
0.14705882352941177
0.4
0.10526315789473684
0.35820895522388063
0.21739130434782608
0.8095238095238096
0.7920792079207921
0.23529411764705882
1.0
0.983050847457627
1.0
0.08695652173913043
0.2727272727272727
0.13114754098360656
0.6153846153846155
0.2222222222222222
1.0
1.0
0.16129032258064516
0.10344827586206896
1.0
1.0
0.27906976744186046
0.8860759493670887
0.17391304347826086
0.96875
0.1694915254237288
0.12
0.96
0.12307692307692307
0.16129032258064518
0.9565217391304348
1.0
0.16666666666666669
0.8115942028985507
0.5970149253731343
0.5858585858585859
0.08163265306122448
0.2647058823529412
0.5755395683453237
0.6
0.16666666666666666
0.17647058823529413
1.0
0.19999999999999998
0.7058823529411765
0.9473684210526316
0.2692307692307693
0.9433962264150944
0.09090909090909091
1.0
1.0
1.0
0.393939393939394
0.8461538461538463
0.972972972972973
1.0
0.8571428571428571
0.11627906976744186
0.24657534246575347
0.9722222222222222
0.24242424242424243
0.8852459016393444
0.25
0.4848484848484849
0.13636363636363635
0.1818181818181818
0.9113924050632912
0.14634146341463414
0.8235294117647058
0.3404255319148936
0.5544554455445544
0.39436619718309857
0.9705882352941176
0.8387096774193548
0.19444444444444445
0.1935483870967742
1.0
1.0
1.0
0.2571428571428572
0.3733333333333333
0.8351648351648352
0.7906976744186046
0.2545454545454545
1.0
0.4571428571428571
1.0
0.8955223880597014
1.0
0.32967032967032966
0.9066666666666667
0.6111111111111112
0.3043478260869565
0.868421052631579
0.2456140350877193
0.273972602739726
0.2
0.27692307692307694
1.0
0.9268292682926829
0.15584415584415584
0.6813186813186815
0.05555555555555555
0.75
0.1492537313432836
0.5789473684210527
0.9135802469135802
0.7560975609756097
0.49350649350649356
0.8051948051948051
0.4347826086956522
0.09999999999999999
0.15555555555555556
0.18666666666666665
0.30000000000000004
0.9056603773584906
0.04
0.18461538461538457
1.0
1.0
0.20000000000000004
1.0
0.358974358974359
0.2978723404255319
0.25925925925925924
0.8571428571428571
0.28169014084507044
0.14084507042253522
1.0
0.7954545454545453
1.0
0.23333333333333334
0.12765957446808512
0.17500000000000002
0.945054945054945
0.1016949152542373
0.26666666666666666
0.7169811320754718
1.0
0.13953488372093023
0.15384615384615383
0.9876543209876543
1.0
0.35294117647058826
1.0
1.0
0.7959183673469388
0.1408450704225352
1.0
0.967741935483871
0.16
1.0
0.11428571428571427
1.0
0.25396825396825395
0.4
0.7010309278350515
1.0
0.046511627906976744
0.18181818181818182
0.41860465116279066
1.0
1.0
1.0
1.0
0.2077922077922078
1.0
0.4117647058823529
0.16
0.9705882352941176
0.19047619047619047
0.13333333333333333
1.0
1.0
0.96875
0.3823529411764706
1.0
0.07142857142857142
0.1923076923076923
0.2878787878787879
0.1754385964912281
0.7333333333333334
1.0
0.30769230769230765
0.9166666666666666
1.0
0.09999999999999999
1.0
0.13793103448275862
0.23188405797101447
1.0
0.26666666666666666
0.625
0.7912087912087911
1.0
0.2105263157894737
0.13636363636363638
0.14634146341463414
1.0
0.9577464788732395
0.17543859649122806
0.28125
1.0
0.16129032258064516
1.0
0.19672131147540983
0.8
0.9642857142857143
0.15189873417721517
0.303030303030303
0.6218487394957983
0.1509433962264151
1.0
0.10526315789473684
0.6666666666666667
0.823529411764706
1.0
0.9382716049382717
0.09302325581395349
0.1509433962264151
0.9230769230769231
0.25396825396825395
1.0
0.12658227848101267
0.16438356164383564
0.22222222222222224
1.0
1.0
0.3225806451612903
0.4489795918367347
0.8222222222222223
0.1111111111111111
0.1111111111111111
0.23076923076923075
1.0
0.06666666666666667
0.9736842105263158
0.13793103448275862
0.18604651162790697
0.1904761904761905
0.43835616438356156
0.9615384615384616
0.8051948051948052
1.0
0.4583333333333333
1.0
0.6486486486486486
0.3488372093023256
0.45454545454545453
0.125
0.2127659574468085
0.11428571428571427
0.19607843137254902
0.9180327868852459
1.0
0.2222222222222222
1.0
1.0
0.9130434782608695
1.0
1.0
0.42424242424242425
1.0
0.37209302325581395
0.1038961038961039
0.875
0.9647058823529412
0.9411764705882352
0.7901234567901234
0.08571428571428572
0.7741935483870968
0.20833333333333331
1.0
1.0
0.12765957446808507
0.3703703703703704
0.8333333333333333
0.17721518987341772
0.28571428571428575
0.1643835616438356
1.0
0.1568627450980392
0.9647058823529412
1.0
1.0
0.1935483870967742
0.5148514851485149
0.6666666666666666
0.11267605633802817
1.0
0.9333333333333333
1.0
0.6956521739130435
0.30508474576271183
0.47826086956521735
0.10526315789473685
1.0
0.10526315789473685
0.5964912280701755
0.1728395061728395
1.0
1.0
0.15873015873015872
0.2545454545454545
0.25
0.7476635514018691
0.27027027027027023
0.7272727272727272
0.9655172413793104
0.2424242424242424
1.0
1.0
0.20512820512820512
0.1
0.1754385964912281
1.0
0.16666666666666666
1.0
0.13333333333333333
0.2588235294117647
0.14285714285714288
0.972972972972973
0.5777777777777778
0.96875
0.36363636363636365
0.9411764705882353
0.04081632653061225
0.3548387096774194
0.9666666666666667
1.0
0.11764705882352941
0.9629629629629629
0.25
1.0
0.673913043478261
0.041666666666666664
0.9885057471264368
0.15873015873015872
0.47457627118644063
0.13333333333333333
0.16216216216216214
0.2702702702702703
0.9642857142857143
0.26666666666666666
1.0
0.22222222222222218
0.15384615384615385
0.9736842105263158
0.04081632653061224
0.8536585365853658
0.9393939393939394
0.12903225806451613
0.1282051282051282
1.0
0.14492753623188406
0.39215686274509803
1.0
1.0
0.2545454545454546
0.7010309278350515
0.8888888888888891
0.09999999999999999
0.9090909090909091
1.0
1.0
1.0
1.0
1.0
0.41379310344827586
0.14925373134328357
0.9666666666666667
1.0
1.0
0.5333333333333333
0.041666666666666664
1.0
0.9382716049382716
0.967032967032967
0.5714285714285715
1.0
0.8395061728395062
0.12765957446808512
0.5185185185185185
0.23529411764705882
0.14457831325301204
0.1
0.1764705882352941
0.9382716049382716
1.0
1.0
1.0
1.0
0.27586206896551724
0.6
0.9655172413793104
0.8852459016393444
0.6666666666666666
0.9600000000000001
0.14285714285714285
1.0
1.0
0.24390243902439024
0.15
1.0
0.24390243902439027
0.7575757575757575
1.0
0.14035087719298248
0.0909090909090909
0.8205128205128205
0.12499999999999997
0.96875
0.14285714285714288
0.6888888888888889
1.0
1.0
0.125
0.25
0.326530612244898
0.2580645161290323
0.12345679012345678
0.42857142857142855
0.22784810126582278
0.1791044776119403
0.136986301369863
0.47058823529411764
0.9777777777777777
0.15384615384615383
1.0
0.14035087719298245
1.0
0.13043478260869562
1.0
0.7472527472527473
1.0
1.0
0.41176470588235287
0.9268292682926829
0.2553191489361702
1.0
0.14814814814814817
0.9428571428571428
1.0
0.75
0.21739130434782605
0.9655172413793104
0.2105263157894737
0.03333333333333333
0.33333333333333337
0.16470588235294117
0.875
0.10344827586206896
0.038461538461538464
0.2117647058823529
0.6881720430107526
0.9411764705882353
0.4358974358974359
0.6129032258064515
0.15
0.35294117647058826
0.2631578947368421
0.16
0.1639344262295082
1.0
0.8260869565217391
0.9361702127659574
0.15384615384615383
0.3783783783783784
0.27906976744186046
0.20588235294117646
0.24489795918367346
0.11428571428571428
0.3414634146341463
1.0
1.0
0.6506024096385542
0.07894736842105263
0.23880597014925375
1.0
0.6315789473684211
1.0
1.0
0.37499999999999994
0.7567567567567568
0.21621621621621623
1.0
0.1568627450980392
1.0
0.8571428571428571
0.06896551724137931
0.23255813953488372
0.9487179487179487
0.9491525423728815
1.0
0.606060606060606
0.12
0.27906976744186046
1.0
0.9879518072289156
1.0
0.676470588235294
0.03636363636363637
1.0
1.0
1.0
1.0
0.9411764705882353
0.16666666666666666
1.0
0.17647058823529413
0.125
1.0
1.0
0.5098039215686274
0.9836065573770492
1.0
0.6666666666666667
1.0
1.0
0.8505747126436781
0.9
1.0
0.2903225806451613
0.9302325581395349
0.9459459459459459
1.0
1.0
1.0
0.8837209302325582
1.0
0.19607843137254902
0.08333333333333334
0.24489795918367346
0.13333333333333333
0.10344827586206896
0.9534883720930233
0.6451612903225806
1.0
0.9696969696969697
0.14925373134328357
0.2432432432432432
0.19607843137254902
0.13793103448275862
0.358974358974359
0.15584415584415584
0.7727272727272727
0.20408163265306123
0.30303030303030304
0.968421052631579
0.7887323943661971
0.9285714285714286
0.8450704225352113
0.10344827586206896
0.8771929824561403
0.10810810810810811
0.16393442622950818
0.29629629629629634
1.0
0.5555555555555555
1.0
0.9433962264150944
1.0
0.9863013698630138
0.1923076923076923
0.8333333333333334
0.4210526315789474
0.8
0.4225352112676056
1.0
0.3181818181818182
0.6190476190476191
1.0
0.9534883720930233
1.0
0.15384615384615383
0.14035087719298242
0.8351648351648352
0.2745098039215686
0.3
0.6363636363636364
0.955223880597015
0.19999999999999998
0.9166666666666667
0.1694915254237288
0.1568627450980392
0.2531645569620253
1.0
0.9113924050632911
1.0
0.2105263157894737
0.9666666666666667
1.0
1.0
0.9473684210526316
0.5882352941176471
1.0
0.07142857142857144
0.8266666666666667
0.975
0.22641509433962262
0.9090909090909091
0.4193548387096774
0.2413793103448276
0.2333333333333333
0.13333333333333333
0.5405405405405406
1.0
0.23300970873786406
1.0
1.0
0.9315068493150686
0.32727272727272727
0.06666666666666667
1.0
0.925
0.7000000000000001
0.16666666666666666
0.17391304347826086
0.22222222222222227
0.2553191489361702
1.0
1.0
0.9382716049382717
0.44067796610169496
1.0
0.31746031746031744
0.17500000000000002
1.0
1.0
1.0
0.10714285714285714
0.46341463414634143
0.972972972972973
0.18823529411764706
1.0
0.9491525423728815
0.20930232558139536
0.24137931034482757
0.9615384615384616
0.11764705882352941
0.782608695652174
1.0
0.2745098039215686
0.24000000000000005
0.5128205128205128
0.9589041095890412
0.09230769230769231
0.4313725490196078
0.7727272727272727
0.7187499999999999
1.0
0.9
1.0
0.15151515151515152
0.08333333333333333
0.8888888888888888
0.1518987341772152
0.09836065573770492
0.712871287128713
0.967741935483871
0.3373493975903614
0.975
0.14035087719298245
0.13698630136986303
1.0
0.8131868131868132
0.1111111111111111
0.13333333333333333
0.16666666666666666
1.0
1.0
0.1724137931034483
1.0
0.3636363636363636
0.7169811320754716
0.9285714285714286
0.9444444444444444
0.21428571428571427
0.7499999999999999
0.9333333333333333
0.13953488372093023
1.0
0.05405405405405406
0.09375000000000001
0.9433962264150944
0.15094339622641512
1.0
0.2531645569620253
1.0
1.0
0.13559322033898305
0.1568627450980392
0.14814814814814817
1.0
1.0
0.9863013698630138
0.9589041095890412
1.0
0.2424242424242424
0.23255813953488372
1.0
1.0
0.9666666666666667
0.15625
0.15584415584415584
1.0
0.2950819672131148
0.9583333333333334
1.0
0.0625
0.25
1.0
0.31250000000000006
0.11764705882352941
0.7391304347826088
1.0
1.0
0.2641509433962264
1.0
0.1111111111111111
0.6428571428571429
1.0
0.10344827586206896
0.13793103448275865
0.1016949152542373
0.19047619047619047
0.11764705882352941
0.1764705882352941
1.0
0.7358490566037735
0.8674698795180723
0.0594059405940594
0.8536585365853658
0.1764705882352941
0.28571428571428575
0.8113207547169812
1.0
0.24324324324324326
1.0
0.15384615384615383
0.20408163265306123
1.0
0.9142857142857143
0.22222222222222224
0.5
0.16
1.0
0.1492537313432836
0.9666666666666667
0.2950819672131147
0.625
0.8316831683168316
1.0
0.13793103448275862
0.8051948051948051
0.7540983606557378
0.20408163265306123
0.898876404494382
0.13043478260869565
0.7766990291262136
0.26666666666666666
1.0
0.3018867924528302
1.0
0.75
1.0
1.0
0.24242424242424243
0.1038961038961039
0.1818181818181818
0.09374999999999999
1.0
0.39215686274509803
1.0
0.6027397260273973
0.4081632653061224
1.0
1.0
0.2622950819672131
0.9302325581395349
0.8333333333333333
0.9574468085106383
0.7532467532467533
0.9411764705882353
0.9411764705882353
1.0
0.9375
0.7586206896551724
1.0
0.6046511627906976
1.0
1.0
0.8636363636363636
0.5599999999999999
1.0
0.9
0.7142857142857143
1.0
0.9863013698630138
0.96875
0.868421052631579
0.9428571428571428
0.14285714285714282
0.09523809523809525
0.1694915254237288
0.14285714285714285
0.23529411764705882
0.2222222222222222
0.2
0.6233766233766234
0.8695652173913044
0.11111111111111112
1.0
0.6666666666666666
0.9565217391304348
1.0
0.27027027027027023
0.26666666666666666
0.9268292682926829
1.0
1.0
1.0
0.21505376344086022
0.3829787234042554
1.0
0.8135593220338982
0.15384615384615383
1.0
0.22764227642276422
0.8
0.2978723404255319
1.0
0.988235294117647
0.3793103448275862
1.0
0.1492537313432836
0.1956521739130435
0.12121212121212122
0.9583333333333334
1.0
0.1702127659574468
0.09090909090909091
0.5084745762711865
0.9662921348314608
0.9743589743589743
1.0
0.7222222222222223
0.2745098039215686
0.5871559633027523
0.5737704918032787
0.21052631578947367
0.05263157894736842
1.0
0.16666666666666666
0.7912087912087913
1.0
1.0
0.8478260869565216
0.23809523809523808
1.0
1.0
1.0
1.0
0.8148148148148149
1.0
1.0
1.0
1.0
0.14545454545454548
0.24390243902439024
0.25
0.6823529411764706
0.186046511627907
0.17857142857142858
0.2558139534883721
0.9629629629629629
0.27586206896551724
0.96875
0.16
1.0
1.0
0.9382716049382717
0.9600000000000001
1.0
0.9411764705882353
0.19178082191780824
0.14285714285714285
0.20408163265306126
0.14285714285714282
0.024096385542168672
0.912280701754386
1.0
1.0
1.0
0.10126582278481013
0.2162162162162162
0.3389830508474576
0.3050847457627119
0.10958904109589042
1.0
0.9166666666666666
0.5
0.7848101265822784
0.14814814814814817
1.0
1.0
0.9782608695652174
0.47500000000000003
0.3181818181818182
0.8571428571428571
0.9393939393939394
0.10909090909090909
1.0
0.4333333333333334
0.5528455284552846
1.0
1.0
0.9285714285714286
1.0
0.845360824742268
0.1714285714285714
0.8571428571428571
1.0
0.17857142857142858
1.0
0.21818181818181817
0.6086956521739131
0.14285714285714285
1.0
0.2318840579710145
0.1568627450980392
1.0
0.2162162162162162
1.0
0.24615384615384617
0.2790697674418605
0.23076923076923075
0.9275362318840579
0.25
0.9249999999999999
1.0
0.10810810810810811
0.9444444444444445
0.11538461538461538
1.0
0.34146341463414637
0.0930232558139535
0.208955223880597
0.8533333333333333
0.27586206896551724
0.8717948717948718
0.8363636363636364