1.0
0.7901234567901235
1.0
0.8918918918918919
0.21739130434782608
0.9230769230769231
1.0
1.0
0.7755102040816326
1.0
1.0
0.0
0.0196078431372549
1.0
0.7636363636363638
0.07894736842105263
1.0
0.2857142857142857
0.6785714285714285
0.9393939393939394
0.10526315789473685
0.16
0.11940298507462688
0.7096774193548389
1.0
0.4727272727272728
0.607843137254902
0.0
0.06060606060606061
0.03773584905660377
1.0
0.038461538461538464
0.9491525423728815
0.0
0.7058823529411764
0.07407407407407407
0.028169014084507043
0.19607843137254902
1.0
0.8857142857142857
0.8399999999999999
0.8918918918918918
0.031746031746031744
0.6111111111111112
0.0
0.07142857142857141
1.0
0.07692307692307691
0.967741935483871
1.0
0.25
0.14705882352941177
0.4230769230769231
0.10810810810810811
1.0
0.037037037037037035
0.7540983606557378
1.0
1.0
0.0
1.0
0.7710843373493976
0.8817204301075269
1.0
0.3333333333333333
0.8131868131868132
0.0923076923076923
0.06153846153846154
0.41025641025641024
0.15789473684210525
0.7160493827160493
1.0
1.0
0.0
1.0
0.9397590361445783
0.9285714285714286
0.0
0.08888888888888888
0.9295774647887323
1.0
1.0
1.0
1.0
0.0
0.0
0.8
0.9302325581395349
0.21212121212121213
1.0
1.0
0.0
0.1818181818181818
1.0
0.7812500000000001
1.0
0.3529411764705882
0.8076923076923077
1.0
0.8051948051948051
1.0
0.0547945205479452
1.0
0.03636363636363636
0.05333333333333334
0.0
1.0
1.0
1.0
0.8131868131868133
1.0
0.8604651162790697
1.0
0.03773584905660377
1.0
1.0
0.21875000000000003
0.037037037037037035
0.06666666666666667
0.835820895522388
0.21052631578947367
0.19999999999999998
0.0
1.0
0.5714285714285715
0.1818181818181818
0.0
0.0
0.28571428571428575
1.0
1.0
0.1568627450980392
0.3137254901960784
0.6842105263157895
0.9090909090909091
1.0
0.0
1.0
0.7857142857142857
0.7179487179487178
0.8813559322033899
0.7341772151898734
1.0
1.0
0.0
0.05714285714285715
0.7076923076923075
0.0
0.04545454545454545
0.9375
0.04444444444444444
0.0
1.0
0.19230769230769232
0.045454545454545456
0.8620689655172413
0.15094339622641512
0.2608695652173913
0.07272727272727272
0.0425531914893617
0.7916666666666666
0.11764705882352941
0.9411764705882353
0.3614457831325301
0.2641509433962264
0.06779661016949153
0.22580645161290322
1.0
0.0625
0.125
0.08571428571428572
0.37209302325581395
0.4444444444444444
0.8461538461538461
0.3157894736842105
0.16216216216216214
1.0
0.9577464788732395
1.0
0.0
0.06666666666666667
0.6464646464646465
0.029411764705882353
0.04081632653061225
0.03278688524590164
0.8717948717948718
0.3333333333333333
0.07407407407407407
0.1
0.08163265306122448
1.0
1.0
0.8387096774193549
1.0
0.8275862068965518
1.0
1.0
0.3728813559322034
1.0
0.8510638297872339
0.3157894736842105
0.19178082191780824
1.0
0.125
0.17391304347826086
0.9014084507042254
1.0
0.8648648648648648
0.9512195121951219
1.0
0.06451612903225806
0.14492753623188406
0.25641025641025644
0.0
0.08695652173913043
0.04545454545454545
0.03389830508474576
0.038461538461538464
0.1111111111111111
0.8771929824561403
0.04761904761904762
0.07547169811320754
0.2898550724637681
1.0
1.0
0.04081632653061224
1.0
0.8089887640449439
0.27118644067796616
1.0
1.0
0.7105263157894738
0.8799999999999999
1.0
0.1739130434782609
1.0
1.0
1.0
0.0
1.0
0.7160493827160493
0.23529411764705882
0.3076923076923077
0.22641509433962265
1.0
1.0
0.6349206349206349
0.03278688524590164
0.3928571428571428
0.0
0.0425531914893617
1.0
0.05714285714285714
0.08695652173913043
0.8041237113402061
0.823529411764706
0.09999999999999999
1.0
0.06666666666666667
0.039999999999999994
1.0
1.0
1.0
0.3859649122807017
0.0
0.0975609756097561
1.0
0.0
0.20338983050847456
0.1016949152542373
0.8461538461538461
0.8860759493670887
0.21052631578947367
0.9459459459459459
1.0
0.08888888888888889
1.0
0.04545454545454545
1.0
0.0
0.046511627906976744
1.0
1.0
1.0
0.3384615384615384
0.8846153846153847
0.9367088607594937
0.14953271028037382
1.0
0.16666666666666666
1.0
0.9148936170212766
0.10526315789473685
0.03773584905660377
0.07272727272727271
0.9545454545454546
0.19178082191780824
1.0
0.0
0.0
1.0
0.5499999999999999
0.0
1.0
1.0
1.0
0.2608695652173913
1.0
0.6885245901639344
0.9
0.23529411764705882
0.19512195121951217
1.0
0.74
0.03571428571428572
0.08695652173913045
0.03508771929824561
0.273972602739726
1.0
0.0
0.875
0.0
0.10526315789473685
0.9230769230769231
0.058823529411764705
1.0
0.23809523809523805
0.05405405405405406
1.0
0.0
0.9056603773584906
0.7789473684210526
1.0
0.9523809523809523
0.9333333333333333
1.0
1.0
1.0
0.3636363636363636
0.7499999999999999
1.0
0.07407407407407408
0.0
1.0
0.3272727272727273
0.03883495145631068
0.8846153846153846
0.9545454545454546
1.0
0.14285714285714285
0.16216216216216214
0.9444444444444444
0.9411764705882353
0.5490196078431372
0.0
1.0
0.9156626506024096
0.23529411764705882
0.07317073170731708
0.09375000000000001
0.0
0.7272727272727273
1.0
0.6666666666666667
0.7692307692307693
1.0
1.0
0.2647058823529412
1.0
0.7
0.025974025974025976
0.7102803738317757
1.0
0.1149425287356322
1.0
0.4057971014492754
0.8717948717948718
1.0
0.06779661016949154
1.0
1.0
0.851063829787234
0.8000000000000002
0.02777777777777778
0.7619047619047619
1.0
0.782608695652174
0.417910447761194
0.8157894736842106
0.044444444444444446
1.0
0.8979591836734694
1.0
0.8292682926829269
1.0
0.023809523809523805
0.891566265060241
0.06451612903225805
0.19354838709677422
0.9230769230769231
0.07142857142857144
0.07692307692307691
0.1142857142857143
1.0
0.05
0.9577464788732395
0.25
0.8674698795180723
0.4074074074074075
0.12765957446808512
1.0
1.0
0.169811320754717
0.23529411764705882
0.07692307692307693
0.6666666666666667
1.0
1.0
0.03636363636363636
1.0
0.08695652173913043
0.2978723404255319
0.13636363636363635
1.0
0.04081632653061224
0.9491525423728815
0.14814814814814817
0.0
0.9577464788732395
0.10526315789473684
1.0
0.06779661016949153
0.1
1.0
0.0
0.0
1.0
1.0
0.8641975308641976
0.030769230769230767
1.0
0.19354838709677416
1.0
0.0
1.0
1.0
0.8888888888888888
1.0
0.15
1.0
0.24489795918367346
0.1
0.02777777777777778
0.4736842105263158
1.0
0.13333333333333333
1.0
0.08163265306122448
0.8181818181818182
0.06818181818181818
0.08888888888888889
0.08333333333333334
0.08
0.3142857142857143
0.9387755102040816
1.0
0.0
0.8266666666666667
0.8888888888888888
1.0
1.0
0.19607843137254902
0.9367088607594937
0.6041666666666666
1.0
0.1379310344827586
0.13043478260869565
0.0
0.0
0.1702127659574468
0.875
0.03571428571428571
0.7058823529411764
1.0
0.9397590361445783
1.0
1.0
0.2
0.08888888888888889
0.8817204301075269
0.08955223880597013
0.8518518518518519
0.8571428571428571
1.0
1.0
1.0
0.12658227848101264
0.0
0.05128205128205128
0.2985074626865672
0.2105263157894737
0.33962264150943394
0.4444444444444445
0.03389830508474576
0.04761904761904762
0.9113924050632911
0.8888888888888888
0.05128205128205128
1.0
1.0
0.4333333333333333
0.912280701754386
0.0
0.1
1.0
1.0
0.9014084507042254
0.08823529411764706
1.0
0.7241379310344828
0.030303030303030304
0.4193548387096774
0.13333333333333333
1.0
0.7333333333333333
1.0
0.1111111111111111
0.0
1.0
1.0
0.9152542372881356
0.8076923076923077
1.0
0.03278688524590164
0.14
0.4186046511627907
1.0
0.8539325842696629
0.1
1.0
0.8108108108108109
0.45454545454545453
0.8437500000000001
0.16666666666666669
0.8888888888888888
0.0779220779220779
0.11864406779661017
1.0
0.8947368421052632
0.4615384615384615
0.9152542372881356
0.09302325581395349
0.07407407407407408
0.4166666666666667
0.7812500000000001
1.0
1.0
0.057142857142857134
0.9534883720930233
0.17777777777777776
1.0
0.0
0.03174603174603175
0.9253731343283583
1.0
0.8395061728395061
0.8936170212765957
0.2
1.0
0.6382978723404255
0.0
0.1904761904761905
0.13043478260869565
1.0
1.0
1.0
0.2916666666666667
0.0
1.0
0.9310344827586207
0.10169491525423728
0.18181818181818185
1.0
0.90625
0.14035087719298245
0.6388888888888888
1.0
0.2631578947368421
0.9
0.7526881720430108
0.896551724137931
0.07894736842105263
0.15384615384615383
0.0
0.0
1.0
0.6999999999999998
0.20168067226890754
0.819672131147541
0.35294117647058826
0.0425531914893617
1.0
0.4
0.11764705882352942
1.0
0.923076923076923
0.5573770491803279
0.72
0.4313725490196078
0.0
0.24
0.9600000000000001
1.0
0.04761904761904762
1.0
0.0
1.0
0.20512820512820512
0.0
1.0
0.07272727272727274
0.7272727272727273
1.0
0.9066666666666667
0.2711864406779661
1.0
1.0
0.5294117647058824
0.06896551724137931
0.21739130434782608
0.8888888888888888
1.0
0.41860465116279066
0.17647058823529413
0.2222222222222222
0.8260869565217392
0.9696969696969697
0.25
0.20895522388059704
1.0
0.5
1.0
1.0
0.7826086956521738
0.8505747126436782
0.07692307692307691
0.8860759493670887
0.0
0.6875000000000001
0.9428571428571428
0.46153846153846156
0.7272727272727272
1.0
0.04444444444444444
1.0
1.0
0.1081081081081081
0.9444444444444444
0.9210526315789475
1.0
0.2222222222222222
0.06349206349206349
1.0
0.923076923076923
0.03125
0.09836065573770492
0.125
0.0
0.03225806451612904
0.17142857142857143
1.0
1.0
0.046511627906976744
0.0
0.11764705882352941
0.0
0.3888888888888889
0.04878048780487805
0.7948717948717948
0.028985507246376812
0.0
0.0
0.8857142857142857
1.0
1.0
1.0
0.03389830508474576
0.4727272727272727
0.0446927374301676
0.048780487804878044
1.0
1.0
0.9487179487179488
0.6792452830188679
0.0
1.0
1.0
0.0
0.11538461538461538
0.8378378378378377
0.9411764705882353
0.04081632653061224
0.09523809523809525
1.0
0.9500000000000001
0.8571428571428571
0.853932584269663
1.0
0.06451612903225806
1.0
0.0
1.0
0.696969696969697
0.7692307692307692
0.8767123287671234
0.25641025641025644
1.0
0.04545454545454546
0.18181818181818182
1.0
1.0
0.08
1.0
0.0
0.7710843373493976
0.05194805194805195
0.4096385542168674
0.07692307692307691
0.057142857142857134
0.10810810810810811
0.0
0.909090909090909
1.0
1.0
1.0
0.08333333333333333
0.15217391304347827
1.0
1.0
0.34782608695652173
0.04878048780487805
1.0
0.04081632653061224
1.0
0.9268292682926829
0.0975609756097561
0.9361702127659574
1.0
0.4375
0.9333333333333332
1.0
0.09523809523809525
1.0
0.05797101449275362
0.0
0.9393939393939394
0.9038461538461539
0.2745098039215686
0.0
0.16666666666666666
1.0
0.9583333333333334
0.9473684210526316
1.0
1.0
1.0
0.0392156862745098
1.0
1.0
1.0
1.0
0.9462365591397849
0.0
0.10909090909090909
0.33333333333333326
0.3505154639175258
1.0
0.13333333333333333
0.03333333333333333
0.18749999999999997
0.8253968253968254
1.0
1.0
0.1
0.17948717948717952
0.18867924528301888
0.0
0.060606060606060615
0.0
0.7209302325581396
0.9736842105263158
0.30434782608695654
0.9761904761904763
0.05405405405405405
1.0
0.04761904761904763
0.0
0.16666666666666666
0.05555555555555555
0.47058823529411764
0.7160493827160493
0.0425531914893617
0.2608695652173913
0.22222222222222224
0.7692307692307692
1.0
0.769230769230769
1.0
0.05405405405405405
1.0
0.967741935483871
0.03508771929824561
0.0
1.0
0.0
0.03389830508474576
0.049999999999999996
0.14035087719298245
0.0851063829787234
1.0
0.10989010989010989
0.1836734693877551
1.0
0.03636363636363637
0.9354838709677419
0.9397590361445783
0.02631578947368421
0.04545454545454545
0.8461538461538461
0.9487179487179487
1.0
1.0
0.9090909090909091
0.8089887640449439
0.04
0.0
0.22222222222222224
1.0
1.0
0.1111111111111111
1.0
0.07407407407407407
0.0
0.13559322033898305
1.0
1.0
0.14285714285714288
1.0
0.12903225806451613
0.35789473684210527
0.0
0.09374999999999999
0.684931506849315
1.0
0.8192771084337348
0.7954545454545455
0.1290322580645161
1.0
1.0
0.045454545454545456
1.0
1.0
1.0
0.8478260869565216
0.0
0.3835616438356164
1.0
1.0
0.4210526315789474
1.0
1.0
0.0816326530612245
0.1111111111111111
1.0
1.0
1.0
0.6956521739130435
1.0
1.0
0.163265306122449
0.35555555555555557
0.5000000000000001
0.025316455696202528
0.8292682926829269
0.967741935483871
1.0
0.02127659574468085
0.0
1.0
0.0
0.07547169811320754
0.17543859649122803
0.7540983606557378
0.7222222222222222
1.0
0.125
0.846153846153846
0.07692307692307691
0.8985507246376812
1.0
1.0
0.0
0.9259259259259259
1.0
0.02531645569620253
1.0
1.0
0.17977528089887643
1.0
1.0
0.186046511627907
0.9375
0.4912280701754386
1.0
0.046511627906976744
0.029850746268656723
0.8952380952380952
0.15
0.08888888888888889
0.0
1.0
0.0392156862745098
0.8571428571428571
0.8205128205128205
1.0
0.8064516129032259
0.0
0.023255813953488372
1.0
0.9866666666666666
0.2222222222222222
0.10256410256410255
0.17391304347826086
0.03333333333333333
0.0
1.0
0.9213483146067416
0.04878048780487805
0.05797101449275362
1.0
0.02531645569620253
0.20408163265306126
0.32
0.9180327868852459
1.0
1.0
0.975609756097561
1.0
0.7659574468085106
1.0
0.0
1.0
1.0
0.9473684210526315
0.8395061728395062
0.030303030303030304
0.0
0.3225806451612903
1.0
1.0
1.0
0.8571428571428571
0.05194805194805195
0.044444444444444446
0.6
1.0
0.24
0.0
0.02469135802469136
1.0
1.0
0.7741935483870968
0.0
0.0
0.15384615384615383
0.0689655172413793
0.1142857142857143
0.0967741935483871
0.1643835616438356
0.21052631578947367
1.0
0.11320754716981132
0.9253731343283583
0.8620689655172413
1.0
1.0
0.5641025641025642
1.0
1.0
1.0
0.208955223880597
0.26415094339622647
0.24999999999999994
0.21276595744680848
0.10256410256410256
1.0
1.0
0.9393939393939394
1.0
1.0
0.5757575757575758
1.0
0.25974025974025977
0.0
0.8604651162790697
1.0
1.0
0.21428571428571427
0.16666666666666666
0.030303030303030304
0.2608695652173913
0.9354838709677419
0.9462365591397849
1.0
0.0
1.0
1.0
0.05555555555555555
0.0
1.0
0.08333333333333333
1.0
0.08
0.0
1.0
0.9113924050632911
0.8108108108108109
1.0
0.9666666666666666
0.967741935483871
1.0
0.2857142857142857
0.03448275862068966
0.2222222222222222
0.07407407407407408
0.19512195121951217
1.0
0.12820512820512822
1.0
0.8571428571428571
0.04081632653061224
0.3283582089552239
0.13043478260869565
0.9411764705882353
1.0
0.7532467532467532
0.030303030303030304
0.03571428571428572
0.13333333333333333
0.7
0.9180327868852459
0.9180327868852459
0.0909090909090909
0.7096774193548386
0.21739130434782608
1.0
0.0
0.8717948717948718
0.4186046511627907
1.0
0.09523809523809525
0.9508196721311476
0.10909090909090909
0.8749999999999999
0.9879518072289156
0.425
0.972972972972973
1.0
1.0
0.05405405405405405
0.14035087719298248
0.92
0.049999999999999996
0.43478260869565216
0.06896551724137931
0.9375
0.4489795918367347
0.9577464788732395
0.1951219512195122
0.029411764705882353
0.9454545454545454
0.3
0.2857142857142857
0.11764705882352941
0.05128205128205128
0.30769230769230765
0.10714285714285714
0.1408450704225352
0.0
0.11538461538461539
0.05128205128205129
0.0
1.0
0.9315068493150684
1.0
0.07407407407407408
0.13793103448275862
1.0
0.04938271604938272
0.0
0.9473684210526315
1.0
0.8148148148148148
0.15384615384615385
0.09411764705882353
1.0
1.0
0.8333333333333334
0.041666666666666664
1.0
0.2916666666666667
1.0
1.0
1.0
0.1951219512195122
0.027027027027027025
1.0
1.0
0.37837837837837834
0.056338028169014086
0.0821917808219178
0.9
1.0
1.0
1.0
1.0
0.15
0.05333333333333333
1.0
0.891566265060241
0.0
0.08
1.0
0.22222222222222224
0.16216216216216214
0.0821917808219178
1.0
0.25
0.9473684210526315
1.0
0.7
0.0
0.8799999999999999
0.045454545454545456
0.34285714285714286
0.030769230769230767
0.5714285714285713
0.03333333333333333
0.04
1.0
1.0
1.0
0.92
0.0
1.0
0.9230769230769231
0.14285714285714285
0.55
0.0425531914893617
0.06741573033707865
0.03389830508474576
1.0
0.057142857142857134
1.0
0.9859154929577464
1.0
0.9647058823529412
0.0
0.7647058823529412
0.787878787878788
0.888888888888889
0.04597701149425287
1.0
0.24
0.23255813953488372
0.9354838709677419
0.4
0.1111111111111111
0.923076923076923
1.0
0.0
0.1764705882352941
0.5161290322580646
1.0
0.09523809523809523
0.7311827956989247
1.0
1.0
0.9230769230769231
0.0
0.0
0.7317073170731708
1.0
0.041666666666666664
0.07272727272727272
0.14705882352941174
0.9
0.13157894736842105
0.875
0.8461538461538461
0.03636363636363637
1.0
0.9397590361445782
1.0
1.0
0.9444444444444444
0.5849056603773585
1.0
1.0
0.05405405405405406
1.0
0.08333333333333334
0.7
0.2857142857142857
0.20689655172413793
1.0
0.14285714285714285
0.8928571428571428
0.4615384615384615
0.09523809523809523
0.13043478260869565
1.0
0.8974358974358974
0.3461538461538462
0.8985507246376813
1.0
0.888888888888889
0.0273972602739726
1.0
1.0
1.0
0.08333333333333333
0.05714285714285714
0.7916666666666667
1.0
1.0
1.0
1.0
0.6000000000000001
0.05128205128205128
1.0
1.0
0.8602150537634409
0.0
0.7526881720430108
1.0
1.0
0.8529411764705881
1.0
0.8947368421052632
1.0
0.24175824175824173
0.9454545454545454
0.13559322033898302
1.0
0.04545454545454546
0.04545454545454545
0.5
0.9166666666666666
1.0
0.9047619047619048
0.8529411764705882
0.40816326530612246
0.11650485436893204
0.13157894736842105
0.03508771929824561
1.0
1.0
0.07594936708860758
0.028169014084507043
0.9176470588235294
0.9066666666666667
0.9090909090909091
0.048780487804878044
1.0
0.11111111111111113
0.15789473684210525
0.888888888888889
0.7466666666666666
0.0
0.4000000000000001
1.0
0.24615384615384614
1.0
0.06896551724137932
1.0
1.0
0.10344827586206896
1.0
1.0
0.07692307692307693
0.1142857142857143
0.7868852459016393
1.0
0.8461538461538461
0.3636363636363636
1.0
0.0
0.18181818181818182
0.06896551724137931
1.0
1.0
1.0
0.9866666666666666
0.0625
0.868421052631579
1.0
0.19999999999999998
0.06382978723404256
0.08163265306122448
0.10344827586206896
0.24000000000000002
0.8421052631578948
0.09523809523809525
0.1081081081081081
1.0
1.0
0.6792452830188679
1.0
0.2898550724637681
0.0
0.2105263157894737
0.09090909090909091
1.0
0.0923076923076923
0.0
0.10526315789473684
1.0
0.9166666666666666
0.0392156862745098
1.0
1.0
0.0784313725490196
0.27586206896551724
0.07692307692307691
0.36842105263157887
1.0
1.0
0.4375
0.11594202898550723
1.0
0.6153846153846153
1.0
0.9696969696969697
0.0425531914893617
1.0
0.0
0.7142857142857143
0.430379746835443
0.7789473684210526
0.25352112676056343
0.9206349206349206
0.030303030303030304
0.8604651162790697
0.9803921568627451
0.034482758620689655
0.696969696969697
1.0
0.0
0.06153846153846155
0.029411764705882353
0.09523809523809523
0.08888888888888888
0.02857142857142857
0.28169014084507044
0.0
1.0
0.923076923076923
0.08695652173913043
0.30434782608695654
1.0
1.0
0.0
0.20512820512820515
0.23255813953488372
1.0
0.2702702702702703
1.0
0.2222222222222222
0.8958333333333334
0.9152542372881356
1.0
0.16
0.8108108108108107
1.0
0.0
0.16666666666666666
1.0
1.0
0.0
1.0
0.896551724137931
0.03703703703703704
0.9166666666666666
1.0
0.7169811320754718
0.9803921568627451
0.11320754716981134
1.0
0.8395061728395062
0.0
0.2666666666666666
0.0
0.5000000000000001
0.9512195121951219
0.11320754716981132
0.07017543859649122
0.8955223880597014
0.023255813953488372
1.0
0.9534883720930233
0.0
0.7826086956521738
0.0
1.0
0.8947368421052632
0.029411764705882353
0.9
0.0
0.2580645161290323
0.0
0.8181818181818182
1.0
0.0759493670886076
1.0
0.7719298245614035
1.0
0.8333333333333333
0.4848484848484848
0.057142857142857134
0.17777777777777776
0.942528735632184
0.11940298507462688
1.0
0.0
0.7872340425531915
0.6774193548387096
0.0
0.16666666666666669
0.967741935483871
0.9285714285714286
0.02777777777777778
0.07894736842105263
1.0
0.9411764705882353
0.0
0.6388888888888888
0.782608695652174
0.8363636363636364
0.7727272727272727
1.0
0.16
0.23255813953488372
0.4888888888888889
0.03571428571428571
1.0
0.18181818181818182
0.9382716049382716
0.1481481481481481
1.0
1.0
0.12121212121212122
0.5399999999999999
0.9268292682926829
0.25
0.050632911392405056
0.0
0.028571428571428574
0.27586206896551724
0.923076923076923
0.3703703703703704
0.13559322033898305
1.0
0.5217391304347825
0.8409090909090909
0.08
1.0
0.4799999999999999
0.08602150537634409
0.10256410256410256
0.044444444444444446
0.06349206349206349
0.14925373134328357
0.05128205128205127
0.28571428571428564
0.26315789473684204
1.0
0.4117647058823529
0.28571428571428575
0.09090909090909093
0.7058823529411765
1.0
0.6666666666666667
0.14285714285714288
0.20512820512820515
0.5357142857142858
0.0
0.08695652173913043
0.1639344262295082
1.0
0.03333333333333333
0.9428571428571428
1.0
0.0
0.0
0.853932584269663
0.9500000000000001
1.0
0.11764705882352942
0.13793103448275862
0.8222222222222222
0.8409090909090908
0.10169491525423728
0.868421052631579
1.0
0.1951219512195122
0.0
0.0
1.0
0.9846153846153847
0.88
0.9090909090909091
0.8307692307692308
1.0
0.8888888888888888
0.0
0.02531645569620253
0.9047619047619048
0.1038961038961039
0.8260869565217392
1.0
1.0
1.0
0.07692307692307691
1.0
1.0
0.9295774647887323
0.03921568627450981
0.16666666666666666
0.0
0.7719298245614035
0.0
0.8409090909090908
0.6857142857142856
0.5853658536585366
0.029850746268656716
0.9382716049382717
0.28169014084507044
1.0
1.0
0.024390243902439022
0.8604651162790697
0.8529411764705882
0.7692307692307692
1.0
0.07692307692307693
0.08888888888888889
1.0
1.0
1.0
0.0
1.0
0.3076923076923077
0.8771929824561403
0.0
0.05063291139240506
0.061538461538461535
0.825
1.0
0.6111111111111113
0.1639344262295082
0.35294117647058826
1.0
1.0
1.0
1.0
0.27450980392156865
1.0
1.0
0.03773584905660377
1.0
0.31250000000000006
1.0
0.07017543859649122
0.8771929824561403
1.0
1.0
1.0
0.056338028169014086
0.9538461538461539
0.7733333333333333
0.1
0.9268292682926829
0.060606060606060615
0.5263157894736842
1.0
0.06315789473684211
0.9019607843137256
0.03225806451612904
0.07272727272727272
0.12244897959183673
0.09375
0.05555555555555555
0.0
1.0
1.0
0.14634146341463414
0.13043478260869565
0.08163265306122448
0.7272727272727272
0.1818181818181818
0.13559322033898305
1.0
0.9019607843137256
0.05970149253731344
0.6428571428571429
0.2153846153846154
1.0
0.836734693877551
0.17721518987341772
0.0
0.55
0.92
1.0
0.8947368421052632
0.5423728813559323
0.2222222222222222
0.0
1.0
0.1904761904761905
1.0
0.046511627906976744
1.0
1.0
0.0
1.0
0.2380952380952381
1.0
1.0
0.7837837837837837
1.0
1.0
0.20408163265306126
0.2424242424242424
0.0909090909090909
0.03389830508474576
0.7551020408163265
0.8727272727272727
1.0
0.9333333333333332
0.17391304347826086
0.029411764705882353
1.0
0.24000000000000002
0.0
0.7526881720430108
0.7674418604651162
0.16666666666666669
0.0
0.0
0.875
0.8749999999999999
0.10256410256410256
1.0
1.0
0.56
1.0
1.0
0.7142857142857142
1.0
0.787878787878788
0.05405405405405405
1.0
0.0930232558139535
0.0
1.0
0.15789473684210528
0.08333333333333333
0.19672131147540983
1.0
0.20000000000000004
0.18181818181818182
0.03508771929824561
0.46808510638297873
0.8333333333333334
1.0
0.08163265306122448
0.08333333333333333
1.0
1.0
0.17073170731707318
0.9310344827586207
0.0
0.39999999999999997
1.0
1.0
1.0
0.7916666666666666
0.2608695652173913
0.4
1.0
0.07407407407407407
1.0
0.8387096774193549
0.4210526315789474
0.0
0.0816326530612245
0.10714285714285712
0.0
1.0
0.8799999999999999
0.19230769230769232
0.24000000000000002
0.125
1.0
0.0
0.2580645161290323
1.0
0.11538461538461539
0.8125000000000001
0.9
0.8421052631578947
1.0
0.4067796610169492
1.0
0.0
0.85
0.09090909090909091
0.2222222222222222
0.09375
0.0
1.0
0.14814814814814814
0.0689655172413793
0.15
0.09523809523809525
0.23333333333333336
0.6
1.0
0.26865671641791045
0.1176470588235294
0.028985507246376812
0.0
0.945945945945946
0.11764705882352941
0.7906976744186046
0.9019607843137256
1.0
0.4375
1.0
0.9459459459459459
0.8780487804878049
0.9382716049382717
0.27586206896551724
0.8666666666666667
0.9393939393939394
0.8275862068965518
0.935064935064935
0.8076923076923077
0.03636363636363636
0.8387096774193549
0.2553191489361702
0.05555555555555555
0.10909090909090909
0.5806451612903226
0.7567567567567567
1.0
0.5312499999999999
0.4835164835164835
0.37499999999999994
0.03508771929824562
1.0
0.10526315789473685
0.028985507246376812
0.06557377049180328
0.8135593220338982
1.0
1.0
0.8571428571428572
0.7796610169491525
1.0
1.0
1.0
0.0784313725490196
0.6947368421052631
1.0
1.0
0.03636363636363636
1.0
0.0
0.47058823529411764
1.0
0.16129032258064518
0.24561403508771928
0.4150943396226416
1.0
0.03508771929824561
0.3673469387755102
0.03125
0.4230769230769231
1.0
0.1904761904761905
0.17391304347826086
0.0
0.8695652173913043
0.15384615384615385
0.09876543209876543
0.04081632653061224
0.04081632653061225
0.0
1.0
1.0
0.038461538461538464
0.10526315789473684
0.1081081081081081
0.22222222222222224
0.38709677419354843
1.0
0.891304347826087
0.8823529411764706
0.2222222222222222
0.92
0.125
1.0
1.0
0.0
0.9285714285714286
0.1016949152542373
0.8181818181818182
0.10526315789473684
0.07547169811320754
0.08108108108108109
1.0
0.09523809523809523
1.0
0.2040816326530612
0.18518518518518515
0.20408163265306123
0.0
0.07999999999999999
0.10256410256410256
0.8
0.5952380952380952
1.0
0.08695652173913043
0.35555555555555557
0.0
0.5846153846153846
0.19047619047619047
1.0
0.86
0.7142857142857143
1.0
0.0851063829787234
1.0
0.058823529411764705
0.04
0.9333333333333333
1.0
0.07692307692307691
0.0
0.15584415584415584
0.821917808219178
0.0
0.030303030303030307
0.9411764705882353
0.819672131147541
0.0
0.5818181818181819
1.0
0.03448275862068966
0.04878048780487805
0.0
0.0
0.0
1.0
0.17391304347826086
0.0
0.9310344827586207
0.9555555555555556
0.92
0.09302325581395349
0.22727272727272727
0.16666666666666663
0.2
0.07692307692307691
0.19178082191780824
0.0
0.0
0.411764705882353
0.27586206896551724
1.0
0.7272727272727273
0.31818181818181823
0.1818181818181818
0.0
0.03773584905660378
0.676056338028169
0.6027397260273972
0.7272727272727274
0.4337349397590362
0.03125000000000001
0.13333333333333333
0.0
0.05333333333333334
1.0
1.0
0.02777777777777778
1.0
0.1754385964912281
0.1411764705882353
0.7118644067796611
0.8888888888888888
0.0
1.0
0.7272727272727272
0.689655172413793
1.0
1.0
0.14285714285714288
0.911764705882353
1.0
1.0
0.15789473684210528
0.9130434782608696
0.7916666666666667
1.0
0.9393939393939394
0.5116279069767442
0.9
0.9090909090909091
1.0
1.0
0.26415094339622636
0.13953488372093023
0.6
0.125
0.08
1.0
0.0
1.0
1.0
0.08823529411764706
0.5052631578947367
0.09999999999999999
0.7526881720430108
0.03333333333333333
1.0
0.05333333333333334
1.0
0.8260869565217392
1.0
0.1282051282051282
0.037037037037037035
1.0
0.8125000000000001
0.0
0.03773584905660377
0.7755102040816326
0.1111111111111111
1.0
0.0784313725490196
0.031746031746031744
0.24489795918367346
1.0
1.0
0.15384615384615383
0.44897959183673475
1.0
1.0
1.0
0.16
0.8979591836734694
0.0
0.11764705882352941
0.9047619047619047
0.1142857142857143
0.782608695652174
0.8767123287671232
0.8421052631578948
0.14814814814814814
0.43478260869565216
0.9047619047619048
0.8
0.0
0.7368421052631577
0.8524590163934426
0.5714285714285714
0.0
1.0
1.0
0.17543859649122806
0.11764705882352942
0.026666666666666665
0.12903225806451615
0.07228915662650602
0.03571428571428571
0.05555555555555555
1.0
0.05555555555555555
0.9354838709677419
0.07547169811320754
0.05
0.09836065573770493
0.03333333333333333
0.048192771084337345
1.0
0.951219512195122
1.0
1.0
0.19444444444444448
0.17142857142857143
0.7142857142857142
0.0625
0.9285714285714286
1.0
0.08
1.0
0.6027397260273972
0.8148148148148148
1.0
0.08333333333333333
1.0
0.0
1.0
0.08
0.03448275862068965
0.4705882352941177
0.0
1.0
0.9148936170212766
0.12903225806451615
0.24390243902439027
0.09302325581395349
0.35555555555555557
0.19672131147540986
0.4615384615384615
0.0
1.0
0.7741935483870968
0.02941176470588235
0.9620253164556963
0.09375
0.9032258064516129
0.5753424657534246
0.19354838709677416
0.8947368421052632
0.17857142857142855
0.7575757575757575
0.039999999999999994
0.8115942028985509
0.3902439024390244
0.125
0.830188679245283
0.8307692307692308
1.0
0.35714285714285715
1.0
0.043478260869565216
1.0
0.7317073170731706
0.03389830508474576
0.9428571428571428
0.8500000000000001
0.13953488372093023
0.13636363636363635
0.23529411764705882
0.17777777777777778
0.0
1.0
0.044444444444444446
0.86
0.8421052631578948
0.9459459459459459
0.7843137254901961
1.0
0.025974025974025976
0.10169491525423728
0.08695652173913043
0.9047619047619048
0.7126436781609196
0.10526315789473685
0.8181818181818181
0.647887323943662
1.0
1.0
0.1818181818181818
1.0
0.06060606060606061
0.3636363636363636
0.9
0.0
0.6268656716417911
0.03125
0.39999999999999997
0.76
1.0
0.1904761904761905
0.4358974358974359
0.9295774647887323
1.0
0.06451612903225808
0.9152542372881356
0.5853658536585366
0.0
0.0
0.02247191011235955
0.0
1.0
1.0
1.0
1.0
0.15625000000000003
1.0
0.30434782608695654
0.9180327868852459
0.4827586206896552
1.0
0.7555555555555555
0.06349206349206349
0.03571428571428571
0.06153846153846154
0.875
1.0
0.8571428571428572
0.04
0.9411764705882353
0.9090909090909091
0.5499999999999999
0.0
0.10256410256410256
0.9655172413793104
1.0
0.16666666666666666
0.0
1.0
0.07142857142857141
1.0
0.04444444444444444
0.9444444444444444
0.9743589743589743
0.09090909090909091
1.0
0.9315068493150684
0.1
0.052631578947368425
1.0
0.7294117647058824
0.7462686567164178
0.9354838709677419
0.056338028169014086
1.0
0.0
0.0
0.15384615384615383
1.0
0.6666666666666666
1.0
0.2033898305084746
0.7766990291262136
1.0
1.0
0.6075949367088608
0.1714285714285714
0.7636363636363636
0.18181818181818185
1.0
1.0
0.0
0.7346938775510204
1.0
0.16393442622950818
0.744186046511628
0.5365853658536585
0.0851063829787234
0.043478260869565216
0.5789473684210527
0.28125
0.7532467532467533
1.0
0.0
1.0
0.7692307692307693
0.9090909090909091
1.0
1.0
0.7441860465116279
0.037037037037037035
0.7333333333333334
1.0
1.0
0.15217391304347824
0.25925925925925924
0.08955223880597016
0.9166666666666666
0.8860759493670887
0.1739130434782609
0.04545454545454545
1.0
0.0
1.0
0.15384615384615385
0.049999999999999996
0.030303030303030304
0.6274509803921569
0.04878048780487805
0.0
1.0
1.0
0.9459459459459459
0.09999999999999999
0.11764705882352942
0.47058823529411764
0.0
1.0
1.0
0.8842105263157896
1.0
0.17391304347826086
1.0
0.5882352941176471
1.0
0.06779661016949154
1.0
0.8780487804878049
0.875
1.0
0.07407407407407407
0.06451612903225808
0.05128205128205128
0.9090909090909091
0.8421052631578947
0.9285714285714286
0.052631578947368425
0.0425531914893617
0.0930232558139535
0.9454545454545454
0.8985507246376812
0.8857142857142857
0.0
0.09523809523809525
0.9866666666666666
0.7407407407407407
1.0
0.8923076923076922
0.10666666666666667
0.25
0.7184466019417475
0.16216216216216214
0.9500000000000001
0.17391304347826086
0.5882352941176471
0.9382716049382717
1.0
0.14814814814814817
0.8604651162790697
1.0
0.03333333333333333
0.0784313725490196
0.8787878787878788
0.0625
0.0
1.0
0.9354838709677419
0.9811320754716981
0.10526315789473684
0.06250000000000001
0.23880597014925373
0.9310344827586207
0.8928571428571428
0.6138613861386139
0.2972972972972973
0.3157894736842105
0.17721518987341772
1.0
1.0
1.0
1.0
1.0
0.0
1.0
1.0
0.7843137254901961
1.0
0.10526315789473684
0.05479452054794521
0.13592233009708737
0.8037383177570093
1.0
0.0
0.8400000000000001
1.0
0.013422818791946308
0.024390243902439022
0.075
0.06122448979591836
0.08
0.8275862068965518
0.9259259259259259
0.9
0.12121212121212122
0.8750000000000001
0.04081632653061224
0.935064935064935
0.0689655172413793
0.0851063829787234
0.0
0.2222222222222222
1.0
0.2857142857142857
0.8085106382978724
0.06557377049180328
0.13636363636363635
1.0
0.7323943661971831
1.0
0.03174603174603175
1.0
1.0
1.0
0.12244897959183673
0.47619047619047616
1.0
0.15789473684210528
0.11940298507462688
0.15
0.09836065573770493
0.06521739130434782
0.52
0.22641509433962262
1.0
0.13636363636363638
0.810126582278481
0.14545454545454545
0.08163265306122448
0.23880597014925375
1.0
0.9090909090909091
0.10169491525423728
1.0
0.11764705882352941
0.2571428571428571
0.9367088607594937
0.14285714285714285
0.10909090909090909
1.0
0.12903225806451615
0.8607594936708861
0.7428571428571429
0.05128205128205128
0.0
1.0
0.14634146341463414
0.22784810126582278
0.9484536082474228
0.45
0.07594936708860758
0.1904761904761905
0.5641025641025642
0.0
0.6774193548387096
0.058823529411764705
1.0
0.17721518987341775
0.0
0.9180327868852459
0.11111111111111112
0.18181818181818185
1.0
0.8860759493670887
1.0
0.05882352941176471
0.761904761904762
0.7999999999999999
1.0
1.0
0.034482758620689655
0.888888888888889
0.0
0.1111111111111111
0.8627450980392156
0.03278688524590164
0.9354838709677419
0.9565217391304348
0.7865168539325843
1.0
1.0
0.05479452054794521
1.0
1.0
0.71875
0.07142857142857144
0.027027027027027025
0.03333333333333333
0.40476190476190477
0.03773584905660378
0.7916666666666667
0.3157894736842105
1.0
1.0
1.0
0.11764705882352941
0.026666666666666665
0.0625
0.23255813953488372
0.06896551724137931
1.0
0.1904761904761905
0.3243243243243243
0.06779661016949153
0.8235294117647058
0.0
0.6984126984126985
0.2105263157894737
0.0
1.0
0.1449275362318841
1.0
0.9259259259259259
0.20512820512820512
0.06557377049180328
0.21686746987951808
1.0
1.0
0.8979591836734694
1.0
0.1111111111111111
0.04081632653061224
0.8823529411764706
0.810126582278481
0.03125
0.06666666666666667
0.9206349206349206
0.0
0.06557377049180328
0.44776119402985076
0.9032258064516129
0.18750000000000003
0.0963855421686747
1.0
0.896551724137931
0.0
1.0
1.0
1.0
0.17721518987341772
0.043478260869565216
0.09523809523809523
0.8041237113402062
0.11764705882352941
0.8433734939759037
1.0
0.2222222222222222
0.04597701149425287
0.29885057471264365
1.0
0.7307692307692307
0.1090909090909091
1.0
0.09090909090909091
0.0
0.045454545454545456
0.810126582278481
1.0
0.03333333333333333
0.0
0.025641025641025637
0.13513513513513511
0.8928571428571429
1.0
0.0
0.09677419354838708
0.03571428571428572
1.0
0.5238095238095237
0.4485981308411215
0.888888888888889
0.0
0.06557377049180328
0.06451612903225808
1.0
1.0
0.5517241379310345
1.0
0.9180327868852459
0.12121212121212123
0.4210526315789474
0.0
0.27692307692307694
0.09090909090909091
0.7999999999999999
0.787878787878788
0.1875
1.0
0.9824561403508771
1.0
0.06666666666666667
0.19047619047619044
0.03389830508474576
0.5405405405405406
0.11538461538461538
1.0
1.0
0.06666666666666667
0.0
1.0
1.0
0.14285714285714288
0.8051948051948052
0.0
0.9354838709677419
0.07017543859649122
0.041666666666666664
0.9166666666666666
0.031746031746031744
0.0
0.9555555555555556
1.0
0.043478260869565216
0.746268656716418
0.5538461538461538
0.5154639175257731
0.0
0.09090909090909093
0.5693430656934306
0.4736842105263158
0.0
0.0625
1.0
0.05263157894736842
0.5333333333333333
0.823529411764706
0.19999999999999998
0.9019607843137256
0.0
1.0
1.0
1.0
0.25
0.823529411764706
0.9444444444444444
1.0
0.8541666666666666
0.0
0.11267605633802817
0.9428571428571428
0.15625
0.8135593220338982
0.12903225806451615
0.45161290322580644
0.0
0.11627906976744186
0.8571428571428571
0.0
0.7575757575757576
0.26666666666666666
0.5252525252525253
0.37142857142857144
0.9393939393939394
0.8333333333333333
0.08571428571428572
0.1
1.0
1.0
1.0
0.17647058823529413
0.3013698630136986
0.8314606741573033
0.7380952380952381
0.07547169811320754
1.0
0.3636363636363636
1.0
0.8
1.0
0.11235955056179775
0.8493150684931505
0.4117647058823529
0.13636363636363635
0.8648648648648648
0.18181818181818182
0.08450704225352113
0.05128205128205128
0.19047619047619047
1.0
0.8205128205128205
0.13333333333333333
0.6741573033707865
0.0
0.7179487179487178
0.0923076923076923
0.5000000000000001
0.8860759493670887
0.75
0.4799999999999999
0.7733333333333333
0.28571428571428575
0.0
0.022727272727272724
0.08219178082191779
0.20689655172413793
0.8627450980392156
0.0
0.09523809523809523
1.0
1.0
0.0
1.0
0.3243243243243243
0.2222222222222222
0.15384615384615385
0.8292682926829269
0.14492753623188406
0.02898550724637681
1.0
0.7441860465116279
1.0
0.0689655172413793
0.044444444444444446
0.15384615384615385
0.9438202247191011
0.035087719298245605
0.04651162790697675
0.7115384615384616
1.0
0.04878048780487805
0.052631578947368425
0.9873417721518987
1.0
0.25
1.0
1.0
0.7916666666666666
0.08695652173913045
1.0
0.9333333333333333
0.05479452054794521
1.0
0.08823529411764705
1.0
0.03278688524590164
0.32558139534883723
0.6736842105263159
1.0
0.0
0.0697674418604651
0.24390243902439024
1.0
1.0
1.0
1.0
0.08
1.0
0.31249999999999994
0.0547945205479452
0.9393939393939394
0.09836065573770492
0.03448275862068965
1.0
1.0
0.967741935483871
0.33333333333333337
1.0
0.0
0.04
0.26153846153846155
0.0
0.5714285714285715
1.0
0.1818181818181818
0.9130434782608696
1.0
0.0
1.0
0.03571428571428572
0.08955223880597014
1.0
0.0
0.4000000000000001
0.7415730337078652
1.0
0.11764705882352941
0.0
0.025
1.0
0.9275362318840579
0.10909090909090909
0.22580645161290322
1.0
0.03333333333333333
1.0
0.06779661016949153
0.7311827956989246
0.8888888888888888
0.051948051948051945
0.1935483870967742
0.5982905982905983
0.0784313725490196
1.0
0.043010752688172046
0.6153846153846153
0.7710843373493976
1.0
0.9367088607594937
0.0
0.0392156862745098
0.9166666666666666
0.1639344262295082
1.0
0.05194805194805195
0.11267605633802816
0.0909090909090909
1.0
1.0
0.3448275862068966
0.3404255319148936
0.8181818181818183
0.038461538461538464
0.028571428571428574
0.0
1.0
0.0
0.9459459459459459
0.0
0.0975609756097561
0.0
0.3098591549295775
0.92
0.7733333333333334
1.0
0.34782608695652173
1.0
0.5142857142857143
0.28571428571428575
0.1904761904761905
0.0
0.04444444444444444
0.0
0.08163265306122448
0.8813559322033899
1.0
0.17647058823529413
1.0
1.0
0.8181818181818182
1.0
1.0
0.3225806451612903
1.0
0.14634146341463417
0.0
0.8000000000000002
0.9397590361445782
0.9156626506024096
0.7341772151898734
0.029411764705882353
0.7666666666666667
0.2173913043478261
1.0
1.0
0.04444444444444444
0.24000000000000002
0.8275862068965517
0.12987012987012989
0.18666666666666668
0.028169014084507043
1.0
0.04081632653061224
0.9397590361445782
1.0
1.0
0.06896551724137931
0.5454545454545454
0.5714285714285714
0.0
1.0
0.8571428571428571
1.0
0.6666666666666667
0.14035087719298245
0.4545454545454546
0.05555555555555555
1.0
0.03636363636363636
0.509090909090909
0.025316455696202528
1.0
1.0
0.06557377049180328
0.18867924528301885
0.1851851851851852
0.7238095238095237
0.05714285714285715
0.6875
0.9647058823529412
0.06451612903225808
1.0
1.0
0.16216216216216217
0.0
0.07272727272727272
1.0
0.043478260869565216
1.0
0.0
0.12048192771084337
0.0
0.9444444444444444
0.5116279069767442
0.9354838709677419
0.23809523809523808
0.875
0.0
0.23333333333333336
0.9310344827586207
1.0
0.04081632653061224
0.9230769230769231
0.05714285714285714
1.0
0.6666666666666666
0.0
0.988235294117647
0.0655737704918033
0.3508771929824561
0.034482758620689655
0.0
0.2222222222222222
0.9259259259259259
0.0
1.0
0.08
0.031746031746031744
0.9459459459459459
0.0
0.8250000000000001
0.90625
0.0
0.0
1.0
0.11940298507462686
0.24489795918367346
1.0
1.0
0.11320754716981132
0.6736842105263159
0.8860759493670887
0.0
0.8799999999999999
1.0
1.0
1.0
1.0
1.0
0.14814814814814814
0.03076923076923077
0.9310344827586207
1.0
1.0
0.5263157894736842
0.0
1.0
0.8860759493670887
0.9662921348314606
0.49180327868852464
1.0
0.810126582278481
0.0
0.32
0.0816326530612245
0.024691358024691357
0.034482758620689655
0.09090909090909093
0.9113924050632912
1.0
1.0
1.0
1.0
0.14285714285714285
0.3333333333333333
0.9285714285714286
0.8474576271186439
0.6575342465753424
0.8695652173913043
0.0
1.0
1.0
0.05128205128205128
0.05128205128205128
1.0
0.15384615384615383
0.71875
1.0
0.0
0.0
0.7567567567567567
0.043478260869565216
0.9354838709677419
0.05
0.6590909090909092
1.0
1.0
0.0
0.043478260869565216
0.21276595744680854
0.1
0.0
0.1851851851851852
0.1038961038961039
0.061538461538461535
0.0
0.26666666666666666
0.9302325581395349
0.07999999999999999
1.0
0.0
1.0
0.0
1.0
0.7415730337078651
1.0
1.0
0.30303030303030304
0.8717948717948718
0.13333333333333333
1.0
0.0
0.8823529411764706
1.0
0.7142857142857142
0.045454545454545456
0.9647058823529412
0.05555555555555555
0.0
0.21428571428571427
0.048192771084337345
0.782608695652174
0.0
0.0
0.07228915662650603
0.7032967032967034
0.9375
0.3684210526315789
0.4333333333333333
0.052631578947368425
0.18750000000000003
0.2222222222222222
0.041666666666666664
0.1016949152542373
1.0
0.7999999999999999
0.888888888888889
0.126984126984127
0.1714285714285714
0.1951219512195122
0.12121212121212122
0.12765957446808512
0.06060606060606061
0.20512820512820512
1.0
1.0
0.617283950617284
0.02702702702702703
0.18461538461538463
1.0
0.5675675675675675
1.0
1.0
0.29032258064516125
0.7428571428571429
0.11428571428571428
1.0
0.04081632653061224
1.0
0.6666666666666666
0.0
0.048780487804878044
0.9210526315789473
0.912280701754386
1.0
0.5625
0.0
0.1951219512195122
1.0
0.9876543209876543
1.0
0.6363636363636364
0.0
1.0
1.0
1.0
1.0
0.8979591836734694
0.06382978723404256
1.0
0.0625
0.03225806451612904
1.0
1.0
0.4897959183673469
0.983050847457627
1.0
0.5454545454545454
1.0
1.0
0.8235294117647058
0.8979591836734693
1.0
0.16666666666666666
0.9285714285714286
0.8888888888888888
1.0
1.0
1.0
0.878048780487805
1.0
0.04081632653061224
0.0
0.0851063829787234
0.0
0.0
0.9523809523809523
0.6
1.0
0.9375
0.061538461538461535
0.1111111111111111
0.04081632653061225
0.03571428571428572
0.16216216216216214
0.02666666666666667
0.7674418604651162
0.0425531914893617
0.21875
0.967741935483871
0.7246376811594202
0.9024390243902439
0.8115942028985508
0.03571428571428572
0.8727272727272727
0.02777777777777778
0.03389830508474576
0.07692307692307691
1.0
0.42307692307692313
1.0
0.9019607843137256
1.0
0.9577464788732395
0.04
0.8
0.27027027027027023
0.7766990291262136
0.23188405797101447
1.0
0.23809523809523808
0.5500000000000002
1.0
0.9523809523809523
1.0
0.03174603174603175
0.10909090909090909
0.8314606741573033
0.2040816326530612
0.2631578947368421
0.6875000000000001
0.923076923076923
0.08823529411764705
0.8857142857142858
0.0
0.0
0.18181818181818182
1.0
0.8571428571428572
1.0
0.10909090909090909
0.9310344827586207
1.0
1.0
0.9462365591397849
0.5625000000000001
1.0
0.03703703703703704
0.7945205479452054
0.9487179487179487
0.0784313725490196
0.9072164948453608
0.3333333333333333
0.17857142857142855
0.10344827586206898
0.09302325581395347
0.5142857142857142
1.0
0.07920792079207922
1.0
1.0
0.9295774647887324
0.22641509433962265
0.0
1.0
0.8717948717948718
0.5555555555555556
0.0
0.04444444444444444
0.13114754098360656
0.08888888888888888
1.0
1.0
0.9367088607594937
0.38596491228070173
1.0
0.1639344262295082
0.05128205128205128
1.0
1.0
1.0
0.0
0.42500000000000004
0.9142857142857143
0.09638554216867469
1.0
0.9473684210526316
0.14285714285714288
0.14285714285714288
0.92
0.0
0.7164179104477612
1.0
0.12244897959183673
0.1739130434782609
0.2702702702702703
0.9295774647887323
0.0
0.24489795918367344
0.7142857142857143
0.6451612903225806
1.0
0.8979591836734693
1.0
0.0
0.0
0.8524590163934426
0.025974025974025976
0.03389830508474576
0.7070707070707071
0.9333333333333333
0.2222222222222222
0.9487179487179487
0.0
0.0
1.0
0.7640449438202247
0.058823529411764705
0.0
0.0
1.0
1.0
0.07142857142857141
1.0
0.09523809523809525
0.6666666666666666
0.8461538461538461
0.8857142857142857
0.14814814814814814
0.6956521739130435
0.904109589041096
0.0
1.0
0.0
0.032258064516129024
0.8627450980392156
0.0
1.0
0.18181818181818182
1.0
1.0
0.14035087719298245
0.04081632653061224
0.03846153846153846
1.0
1.0
0.9577464788732395
0.9295774647887323
1.0
0.06451612903225808
0.1951219512195122
1.0
1.0
0.9310344827586207
0.03225806451612904
0.10666666666666667
1.0
0.33898305084745756
0.9130434782608695
1.0
0.0
0.07407407407407407
1.0
0.16129032258064516
0.0
0.7333333333333333
1.0
1.0
0.1568627450980392
1.0
0.07692307692307693
0.4615384615384615
1.0
0.03571428571428571
0.09411764705882353
0.0
0.05000000000000001
0.0
0.125
1.0
0.7115384615384616
0.8395061728395062
0.0
0.8
0.060606060606060615
0.2
0.8076923076923077
1.0
0.16666666666666666
1.0
0.05405405405405406
0.12765957446808507
1.0
0.8529411764705882
0.046511627906976744
0.3157894736842105
0.0
1.0
0.0
0.896551724137931
0.16949152542372883
0.5333333333333333
0.808080808080808
1.0
0.0
0.7733333333333333
0.7457627118644068
0.0425531914893617
0.896551724137931
0.0
0.7722772277227722
0.20689655172413793
1.0
0.11764705882352942
1.0
0.7037037037037037
1.0
1.0
0.1290322580645161
0.0
0.11320754716981132
0.03225806451612904
1.0
0.28571428571428575
1.0
0.5915492957746478
0.3404255319148936
1.0
1.0
0.1016949152542373
0.9268292682926829
0.8285714285714285
0.9565217391304348
0.7466666666666666
0.8979591836734694
0.9090909090909091
1.0
0.9354838709677419
0.7407407407407408
1.0
0.4878048780487804
1.0
1.0
0.8571428571428571
0.5205479452054794
1.0
0.7777777777777777
0.7000000000000001
1.0
0.9859154929577464
0.9354838709677419
0.7837837837837838
0.9411764705882353
0.0
0.06557377049180328
0.07017543859649121
0.09999999999999999
0.125
0.22680412371134018
0.07142857142857142
0.56
0.6666666666666666
0.0
1.0
0.6597938144329897
0.9090909090909091
1.0
0.22857142857142856
0.1917808219178082
0.923076923076923
1.0
1.0
1.0
0.08791208791208792
0.3555555555555555
1.0
0.736842105263158
0.031746031746031744
1.0
0.11570247933884298
0.7435897435897436
0.23913043478260868
1.0
0.9879518072289156
0.2142857142857143
1.0
0.030769230769230767
0.1111111111111111
0.0
0.9565217391304348
1.0
0.0
0.0
0.3157894736842105
0.9655172413793104
0.918918918918919
1.0
0.6857142857142857
0.12244897959183672
0.5794392523364486
0.55
0.1111111111111111
0.0
1.0
0.028571428571428574
0.7415730337078651
1.0
1.0
0.8222222222222223
0.15
1.0
1.0
1.0
1.0
0.810126582278481
1.0
1.0
1.0
1.0
0.03773584905660377
0.20512820512820512
0.15789473684210525
0.5783132530120482
0.048780487804878044
0.11111111111111112
0.11904761904761903
0.9615384615384616
0.14814814814814817
0.9354838709677419
0.125
1.0
1.0
0.9367088607594937
0.9583333333333334
1.0
0.8787878787878788
0.0
0.0
0.0851063829787234
0.024390243902439025
0.0
0.8363636363636364
1.0
1.0
1.0
0.0
0.08333333333333333
0.2105263157894737
0.17543859649122806
0.028169014084507043
1.0
0.9148936170212766
0.4736842105263158
0.7532467532467532
0.08
1.0
1.0
0.9777777777777777
0.41025641025641024
0.14285714285714285
0.7999999999999999
0.90625
0.03773584905660378
1.0
0.4482758620689655
0.5289256198347108
1.0
1.0
0.9024390243902439
1.0
0.8421052631578947
0.060606060606060615
0.851851851851852
1.0
0.07407407407407407
1.0
0.11320754716981132
0.47619047619047616
0.07692307692307691
1.0
0.14925373134328357
0.12244897959183675
1.0
0.1142857142857143
1.0
0.15873015873015872
0.09756097560975609
0.07999999999999999
0.8656716417910447
0.06666666666666667
0.923076923076923
1.0
0.02777777777777778
0.9428571428571428
0.039999999999999994
1.0
0.2564102564102564
0.048780487804878044
0.09230769230769231
0.8493150684931507
0.17857142857142858
0.8648648648648649
0.7547169811320754