1.0
0.8192771084337349
1.0
0.8947368421052632
0.375
0.9629629629629629
1.0
1.0
0.8235294117647058
1.0
1.0
0.23076923076923075
0.17307692307692307
1.0
0.8421052631578947
0.2820512820512821
1.0
0.4666666666666667
0.6896551724137931
0.9705882352941176
0.30508474576271183
0.4444444444444445
0.31884057971014496
0.7578947368421052
1.0
0.7017543859649122
0.6923076923076924
0.17500000000000002
0.28571428571428575
0.14545454545454545
1.0
0.1851851851851852
0.9836065573770492
0.15789473684210525
0.7126436781609196
0.21428571428571427
0.16438356164383558
0.4150943396226415
1.0
0.9444444444444444
0.9615384615384616
0.9210526315789475
0.1846153846153846
0.631578947368421
0.09999999999999999
0.20930232558139536
1.0
0.3571428571428571
0.96875
1.0
0.5294117647058824
0.37142857142857144
0.5555555555555556
0.2564102564102564
1.0
0.25
0.8253968253968255
1.0
1.0
0.20512820512820512
1.0
0.823529411764706
0.9052631578947369
1.0
0.5625
0.8172043010752689
0.3283582089552239
0.2985074626865672
0.6341463414634146
0.3
0.7228915662650601
1.0
1.0
0.3
1.0
0.9411764705882353
0.9655172413793104
0.16438356164383558
0.2127659574468085
0.9589041095890412
1.0
1.0
1.0
1.0
0.23999999999999996
0.16666666666666666
0.8235294117647058
0.9318181818181819
0.4705882352941177
1.0
1.0
0.20588235294117646
0.391304347826087
1.0
0.8181818181818182
1.0
0.4905660377358491
0.8113207547169812
1.0
0.8354430379746836
1.0
0.26666666666666666
1.0
0.2105263157894737
0.3116883116883117
0.18749999999999997
1.0
1.0
1.0
0.8172043010752689
1.0
0.8863636363636364
1.0
0.1818181818181818
1.0
1.0
0.42424242424242425
0.3928571428571429
0.2903225806451613
0.8695652173913043
0.4
0.5161290322580646
0.13888888888888887
1.0
0.7241379310344828
0.3157894736842105
0.21276595744680854
0.05333333333333334
0.48
1.0
1.0
0.4150943396226416
0.6037735849056605
0.717948717948718
0.9411764705882353
1.0
0.25
1.0
0.8372093023255814
0.75
0.9180327868852458
0.7901234567901234
1.0
1.0
0.15625
0.16216216216216214
0.746268656716418
0.19047619047619047
0.17777777777777776
0.9696969696969697
0.2978723404255319
0.16949152542372883
1.0
0.2962962962962963
0.19999999999999998
0.9
0.2545454545454545
0.3617021276595745
0.38596491228070173
0.20408163265306126
0.8
0.3773584905660377
0.9714285714285714
0.49411764705882355
0.43636363636363634
0.2622950819672131
0.40624999999999994
1.0
0.1818181818181818
0.36000000000000004
0.25
0.4888888888888889
0.6206896551724139
0.925
0.5
0.41025641025641024
1.0
0.958904109589041
1.0
0.39215686274509803
0.2903225806451613
0.6732673267326732
0.19999999999999998
0.15686274509803924
0.2222222222222222
0.9268292682926829
0.52
0.3571428571428571
0.3333333333333333
0.39215686274509803
1.0
1.0
0.863157894736842
1.0
0.9032258064516129
1.0
1.0
0.5245901639344261
1.0
0.875
0.5084745762711863
0.4266666666666667
1.0
0.32
0.3380281690140845
0.9041095890410958
1.0
0.8947368421052632
0.9761904761904762
1.0
0.30303030303030304
0.3943661971830986
0.48780487804878053
0.18666666666666665
0.33333333333333337
0.17391304347826086
0.26229508196721313
0.25925925925925924
0.2631578947368421
0.9152542372881356
0.16279069767441862
0.3272727272727273
0.5633802816901409
1.0
1.0
0.3137254901960784
1.0
0.9010989010989011
0.4590163934426229
1.0
1.0
0.794871794871795
0.923076923076923
1.0
0.375
1.0
1.0
1.0
0.2666666666666666
1.0
0.7228915662650601
0.3888888888888889
0.4074074074074074
0.4363636363636364
1.0
1.0
0.6769230769230768
0.2222222222222222
0.6206896551724138
0.09523809523809523
0.16326530612244897
1.0
0.21621621621621623
0.41666666666666663
0.8080808080808081
0.8888888888888888
0.24390243902439024
1.0
0.2903225806451613
0.34615384615384615
1.0
1.0
1.0
0.5084745762711865
0.13636363636363635
0.1395348837209302
1.0
0.13559322033898308
0.39344262295081966
0.39344262295081966
0.9285714285714286
0.9382716049382716
0.48717948717948717
0.9736842105263158
1.0
0.21276595744680848
1.0
0.17391304347826086
1.0
0.1111111111111111
0.26666666666666666
1.0
1.0
1.0
0.44776119402985076
0.888888888888889
0.9382716049382717
0.3486238532110092
1.0
0.46153846153846156
1.0
0.9375
0.16949152542372883
0.2545454545454545
0.10526315789473684
0.9777777777777777
0.39999999999999997
1.0
0.15873015873015872
0.13333333333333333
1.0
0.6190476190476191
0.30769230769230765
1.0
1.0
1.0
0.4
1.0
0.7096774193548387
0.9523809523809523
0.5
0.32558139534883723
1.0
0.7843137254901961
0.13793103448275862
0.32
0.3389830508474576
0.5333333333333333
1.0
0.2191780821917808
0.9090909090909091
0.12307692307692307
0.15
0.9629629629629629
0.2222222222222222
1.0
0.4090909090909091
0.2564102564102564
1.0
0.11111111111111113
0.9454545454545454
0.8041237113402062
1.0
0.9767441860465116
0.9375
1.0
1.0
1.0
0.45714285714285713
0.7586206896551725
1.0
0.2857142857142857
0.25925925925925924
1.0
0.3508771929824561
0.22857142857142856
0.9259259259259259
0.9565217391304348
1.0
0.4482758620689655
0.3076923076923077
0.972972972972973
0.9811320754716981
0.6792452830188678
0.11764705882352941
1.0
0.9411764705882352
0.49056603773584906
0.14285714285714285
0.30303030303030304
0.3333333333333333
0.8771929824561403
1.0
0.7012987012987012
0.7804878048780487
1.0
1.0
0.4285714285714286
1.0
0.8095238095238095
0.17721518987341775
0.7339449541284403
1.0
0.33707865168539325
1.0
0.5633802816901408
0.9268292682926829
1.0
0.2950819672131147
1.0
1.0
0.8979591836734694
0.875
0.18918918918918917
0.8307692307692308
1.0
0.8034188034188035
0.5217391304347826
0.8717948717948718
0.3404255319148936
1.0
0.9411764705882353
1.0
0.8571428571428571
1.0
0.13953488372093023
0.9176470588235294
0.30303030303030304
0.42424242424242425
0.9629629629629629
0.20689655172413793
0.3333333333333333
0.3243243243243243
1.0
0.23809523809523805
0.958904109589041
0.4761904761904762
0.8705882352941177
0.5714285714285714
0.2857142857142857
1.0
1.0
0.3148148148148148
0.3142857142857143
0.25925925925925924
0.7058823529411765
1.0
1.0
0.21052631578947367
1.0
0.22535211267605634
0.32653061224489793
0.30434782608695654
1.0
0.19607843137254902
0.9836065573770492
0.35714285714285715
0.10909090909090909
0.9863013698630138
0.25
1.0
0.19672131147540986
0.2926829268292683
1.0
0.075
0.1846153846153846
1.0
1.0
0.8674698795180723
0.11940298507462685
1.0
0.30303030303030304
1.0
0.2692307692307693
1.0
1.0
0.9473684210526315
1.0
0.380952380952381
1.0
0.4313725490196078
0.28571428571428564
0.18918918918918917
0.65
1.0
0.3548387096774193
1.0
0.27450980392156865
0.9565217391304348
0.24444444444444444
0.25531914893617025
0.23999999999999996
0.14814814814814817
0.5277777777777778
0.9411764705882353
1.0
0.08695652173913043
0.8311688311688312
0.9473684210526315
1.0
1.0
0.3018867924528302
0.9382716049382717
0.6326530612244897
1.0
0.29999999999999993
0.375
0.22222222222222224
0.20689655172413793
0.3673469387755102
0.8823529411764706
0.2758620689655172
0.7924528301886793
1.0
0.9411764705882353
1.0
1.0
0.38461538461538464
0.29787234042553196
0.9052631578947369
0.34782608695652173
0.8928571428571429
0.8611111111111112
1.0
1.0
1.0
0.2716049382716049
0.19672131147540983
0.14634146341463414
0.463768115942029
0.35000000000000003
0.5818181818181819
0.5957446808510639
0.29508196721311475
0.36363636363636365
0.9135802469135803
0.918918918918919
0.1951219512195122
1.0
1.0
0.5806451612903225
0.9491525423728815
0.18367346938775508
0.18181818181818182
1.0
1.0
0.9315068493150684
0.2857142857142857
1.0
0.728813559322034
0.14705882352941177
0.53125
0.3548387096774194
1.0
0.8043478260869565
1.0
0.30434782608695654
0.21052631578947367
1.0
1.0
0.9508196721311476
0.8518518518518519
1.0
0.253968253968254
0.4313725490196078
0.5333333333333333
1.0
0.9010989010989012
0.2857142857142857
1.0
0.8141592920353982
0.5217391304347826
0.8787878787878789
0.3225806451612903
0.9156626506024097
0.17721518987341772
0.38333333333333336
1.0
0.9
0.7857142857142856
0.9180327868852459
0.22222222222222224
0.3448275862068965
0.6923076923076923
0.8181818181818182
1.0
1.0
0.43243243243243246
0.9772727272727273
0.2978723404255319
1.0
0.19999999999999998
0.12307692307692307
0.9565217391304348
1.0
0.8433734939759038
0.9387755102040817
0.38095238095238104
1.0
0.6938775510204082
0.11764705882352941
0.4090909090909091
0.37499999999999994
1.0
1.0
1.0
0.44000000000000006
0.11538461538461538
1.0
0.9666666666666667
0.2950819672131148
0.4571428571428571
1.0
0.9393939393939394
0.4406779661016949
0.6486486486486487
1.0
0.4
0.9523809523809523
0.7578947368421053
0.9333333333333333
0.17948717948717952
0.42857142857142855
0.21621621621621623
0.1276595744680851
1.0
0.7419354838709677
0.3801652892561984
0.8888888888888888
0.3888888888888889
0.24489795918367346
1.0
0.45454545454545453
0.27777777777777773
1.0
0.955223880597015
0.5714285714285715
0.8076923076923077
0.43689320388349523
0.07692307692307693
0.2962962962962963
0.961038961038961
1.0
0.2727272727272727
1.0
0.0816326530612245
1.0
0.3414634146341463
0.15789473684210528
1.0
0.2456140350877193
0.7317073170731707
1.0
0.9090909090909091
0.4262295081967213
1.0
1.0
0.6666666666666665
0.1935483870967742
0.3333333333333333
0.9459459459459459
1.0
0.5333333333333333
0.2777777777777778
0.4827586206896552
0.851063829787234
0.9714285714285714
0.3448275862068966
0.3478260869565218
1.0
0.631578947368421
1.0
1.0
0.8169014084507041
0.853932584269663
0.37037037037037035
0.8888888888888891
0.24390243902439027
0.7755102040816327
0.9722222222222222
0.5365853658536586
0.823529411764706
1.0
0.3404255319148936
1.0
1.0
0.15384615384615383
0.972972972972973
0.9487179487179489
1.0
0.3448275862068966
0.12307692307692307
1.0
0.924731182795699
0.1818181818181818
0.31746031746031744
0.35294117647058826
0.24137931034482757
0.18749999999999997
0.4444444444444445
1.0
1.0
0.17777777777777778
0.24324324324324323
0.18867924528301888
0.061538461538461535
0.4210526315789474
0.27906976744186046
0.8
0.11267605633802817
0.2173913043478261
0.2222222222222222
0.9444444444444444
1.0
1.0
1.0
0.22950819672131145
0.6666666666666666
0.16574585635359115
0.1904761904761905
1.0
1.0
0.9500000000000001
0.6909090909090909
0.17721518987341775
1.0
1.0
0.10909090909090909
0.2962962962962963
0.8947368421052632
0.9428571428571428
0.27450980392156865
0.31818181818181823
1.0
0.9523809523809523
0.8666666666666666
0.8791208791208792
1.0
0.25
1.0
0.15384615384615383
1.0
0.7647058823529411
0.835820895522388
0.88
0.4
1.0
0.17391304347826086
0.5
1.0
1.0
0.28571428571428575
1.0
0.15384615384615385
0.823529411764706
0.25316455696202533
0.5411764705882353
0.1851851851851852
0.2777777777777778
0.4102564102564103
0.2448979591836735
0.9411764705882353
1.0
1.0
1.0
0.15384615384615383
0.2978723404255319
1.0
1.0
0.5
0.4186046511627907
1.0
0.23529411764705882
1.0
0.9302325581395349
0.27906976744186046
0.9387755102040817
1.0
0.48979591836734687
0.9610389610389611
1.0
0.30769230769230765
1.0
0.22535211267605634
0.11904761904761905
0.9705882352941176
0.9056603773584906
0.5283018867924528
0.27906976744186046
0.23076923076923078
1.0
0.96
0.9491525423728815
1.0
1.0
1.0
0.11320754716981134
1.0
1.0
1.0
1.0
0.9473684210526316
0.4444444444444445
0.21052631578947367
0.46428571428571425
0.42424242424242425
1.0
0.3404255319148936
0.12903225806451615
0.3333333333333333
0.8307692307692307
1.0
1.0
0.19047619047619047
0.425
0.32727272727272727
0.3
0.34285714285714286
0.2
0.7727272727272727
0.9743589743589743
0.41666666666666663
0.9767441860465117
0.21052631578947367
1.0
0.2272727272727273
0.09090909090909091
0.44
0.3513513513513513
0.8421052631578948
0.7228915662650601
0.22916666666666669
0.4583333333333333
0.27586206896551724
0.8059701492537313
1.0
0.7956989247311828
1.0
0.3421052631578948
1.0
0.96875
0.1694915254237288
0.34615384615384615
1.0
0.2162162162162162
0.1639344262295082
0.23809523809523808
0.30508474576271183
0.163265306122449
1.0
0.23655913978494622
0.35999999999999993
1.0
0.10526315789473684
0.96875
0.9647058823529412
0.20512820512820512
0.21739130434782608
0.9259259259259259
0.975
1.0
1.0
0.9367088607594938
0.8131868131868131
0.07692307692307691
0.14285714285714282
0.3404255319148936
1.0
1.0
0.3157894736842105
1.0
0.25
0.2608695652173913
0.360655737704918
1.0
1.0
0.3333333333333333
1.0
0.18181818181818182
0.4742268041237113
0.21052631578947367
0.30303030303030304
0.7200000000000001
1.0
0.8470588235294116
0.8222222222222223
0.28125
1.0
1.0
0.34782608695652173
1.0
1.0
1.0
0.851063829787234
0.08695652173913043
0.5866666666666668
1.0
1.0
0.5
1.0
1.0
0.27450980392156865
0.25
1.0
1.0
1.0
0.8333333333333333
1.0
1.0
0.3137254901960784
0.38297872340425526
0.56
0.22222222222222227
0.8372093023255814
0.968421052631579
1.0
0.18749999999999997
0.24000000000000002
1.0
0.19047619047619047
0.2545454545454545
0.5084745762711865
0.8571428571428572
0.7272727272727273
1.0
0.32
0.8490566037735848
0.21428571428571427
0.9014084507042254
1.0
1.0
0.125
0.9642857142857143
1.0
0.14814814814814817
1.0
1.0
0.4175824175824176
1.0
1.0
0.3111111111111111
0.9696969696969697
0.5517241379310345
1.0
0.22222222222222224
0.2898550724637681
0.897196261682243
0.38095238095238093
0.3404255319148936
0.22580645161290325
1.0
0.18867924528301888
0.9090909090909091
0.825
1.0
0.90625
0.20408163265306123
0.15909090909090912
1.0
0.9870129870129869
0.4210526315789474
0.19512195121951217
0.45833333333333337
0.25806451612903225
0.1739130434782609
1.0
0.923076923076923
0.2790697674418604
0.3098591549295775
1.0
0.2469135802469136
0.2745098039215686
0.4444444444444445
0.9523809523809523
1.0
1.0
0.9767441860465117
1.0
0.8163265306122449
1.0
0.17857142857142858
1.0
1.0
0.9487179487179489
0.8674698795180723
0.20588235294117646
0.14814814814814817
0.37499999999999994
1.0
1.0
1.0
0.8648648648648649
0.2278481012658228
0.25531914893617025
0.6190476190476191
1.0
0.4675324675324675
0.05000000000000001
0.3373493975903614
1.0
1.0
0.787878787878788
0.1111111111111111
0.2
0.3902439024390244
0.2921348314606741
0.21621621621621623
0.37500000000000006
0.24
0.5762711864406781
1.0
0.32727272727272727
0.9565217391304348
0.9
1.0
1.0
0.7317073170731708
1.0
1.0
1.0
0.40579710144927533
0.4727272727272728
0.4
0.3673469387755102
0.3902439024390244
1.0
1.0
0.9705882352941176
1.0
1.0
0.588235294117647
1.0
0.4050632911392405
0.25
0.8636363636363636
1.0
1.0
0.4137931034482758
0.28
0.11764705882352941
0.48
0.96875
0.968421052631579
1.0
0.0967741935483871
1.0
1.0
0.2105263157894737
0.17142857142857143
1.0
0.2162162162162162
1.0
0.18181818181818182
0.27027027027027023
1.0
0.9382716049382716
0.8157894736842105
1.0
0.967741935483871
0.968421052631579
1.0
0.40909090909090917
0.2
0.3829787234042553
0.21428571428571427
0.3255813953488372
1.0
0.325
1.0
0.9310344827586207
0.19607843137254902
0.5507246376811593
0.2916666666666667
0.9714285714285714
1.0
0.810126582278481
0.20588235294117646
0.27586206896551724
0.3125
0.7741935483870968
0.9523809523809523
0.9523809523809523
0.30434782608695654
0.9090909090909091
0.4583333333333333
1.0
0.22988505747126436
0.8780487804878049
0.4444444444444445
1.0
0.45454545454545453
0.9841269841269841
0.3157894736842105
0.8979591836734694
0.988235294117647
0.5365853658536586
0.9736842105263158
1.0
1.0
0.358974358974359
0.3050847457627119
0.9615384615384616
0.380952380952381
0.5833333333333334
0.3
0.9696969696969697
0.5490196078431373
0.9863013698630138
0.37209302325581395
0.2
0.9824561403508771
0.47619047619047616
0.39215686274509803
0.30188679245283023
0.2926829268292683
0.6250000000000001
0.3448275862068966
0.3561643835616438
0.1411764705882353
0.22222222222222224
0.32500000000000007
0.1230769230769231
1.0
0.9599999999999999
1.0
0.25
0.26666666666666666
1.0
0.1686746987951807
0.25
0.9743589743589743
1.0
0.8674698795180724
0.2857142857142857
0.2988505747126437
1.0
1.0
0.9473684210526315
0.2
1.0
0.4285714285714285
1.0
1.0
1.0
0.3255813953488372
0.18421052631578946
1.0
1.0
0.5128205128205129
0.19178082191780824
0.3466666666666667
0.9024390243902439
1.0
1.0
1.0
1.0
0.2857142857142857
0.2337662337662338
1.0
0.9176470588235294
0.22641509433962262
0.3703703703703703
1.0
0.4137931034482759
0.358974358974359
0.21333333333333332
1.0
0.4761904761904762
0.9487179487179489
1.0
0.8571428571428572
0.19607843137254902
0.962962962962963
0.17391304347826086
0.5405405405405405
0.29850746268656714
0.6274509803921569
0.22580645161290325
0.19230769230769232
1.0
1.0
1.0
0.9615384615384616
0.25
1.0
0.9629629629629629
0.3448275862068966
0.6666666666666666
0.24489795918367344
0.26373626373626374
0.2950819672131148
1.0
0.27777777777777785
1.0
0.9863013698630138
1.0
0.9655172413793104
0.24
0.8571428571428571
0.8529411764705883
0.9285714285714286
0.29213483146067415
1.0
0.4615384615384615
0.4444444444444445
0.96875
0.48648648648648657
0.21052631578947367
0.955223880597015
1.0
0.08
0.3142857142857143
0.59375
1.0
0.2727272727272727
0.7368421052631579
1.0
1.0
0.9629629629629629
0.13043478260869565
0.20000000000000004
0.7619047619047618
1.0
0.27999999999999997
0.21052631578947367
0.45714285714285713
0.967741935483871
0.38461538461538464
0.9411764705882353
0.9285714285714286
0.2456140350877193
1.0
0.9647058823529412
1.0
1.0
0.972972972972973
0.6666666666666667
1.0
1.0
0.1842105263157895
1.0
0.23076923076923075
0.7073170731707318
0.6
0.3870967741935483
1.0
0.2777777777777778
0.896551724137931
0.4878048780487805
0.3181818181818182
0.41666666666666663
1.0
0.9
0.6296296296296295
0.9295774647887325
1.0
0.923076923076923
0.21333333333333332
1.0
1.0
1.0
0.28
0.16216216216216214
0.7999999999999999
1.0
1.0
1.0
1.0
0.6944444444444445
0.1951219512195122
1.0
1.0
0.8631578947368421
0.15384615384615383
0.8
1.0
1.0
0.8857142857142857
1.0
0.8974358974358974
1.0
0.4086021505376344
0.9824561403508771
0.32786885245901637
1.0
0.2608695652173913
0.30434782608695654
0.6000000000000001
0.96
1.0
0.9545454545454546
0.9142857142857143
0.5490196078431373
0.34285714285714286
0.2564102564102564
0.06779661016949153
1.0
1.0
0.22222222222222218
0.21917808219178084
0.942528735632184
0.9090909090909091
0.9117647058823528
0.13953488372093023
1.0
0.2857142857142857
0.2
0.923076923076923
0.7532467532467533
0.20833333333333331
0.6250000000000001
1.0
0.4776119402985074
1.0
0.3
1.0
1.0
0.23333333333333334
1.0
1.0
0.2222222222222222
0.25
0.8253968253968255
1.0
0.9259259259259259
0.5142857142857143
1.0
0.12903225806451613
0.3043478260869565
0.16666666666666666
1.0
1.0
1.0
0.9870129870129869
0.29411764705882354
0.9230769230769231
1.0
0.3076923076923077
0.25
0.23529411764705882
0.26666666666666666
0.34615384615384615
0.8571428571428572
0.1818181818181818
0.2894736842105263
1.0
1.0
0.6909090909090909
1.0
0.5070422535211268
0.15625
0.3
0.3333333333333333
1.0
0.208955223880597
0.12903225806451615
0.25
1.0
0.9459459459459459
0.22641509433962267
1.0
1.0
0.3773584905660377
0.5806451612903226
0.2222222222222222
0.5
1.0
1.0
0.5294117647058824
0.2535211267605634
1.0
0.7317073170731708
1.0
0.9705882352941176
0.24489795918367346
1.0
0.2692307692307692
0.7441860465116279
0.5185185185185186
0.8041237113402062
0.4657534246575342
0.9538461538461539
0.29411764705882354
0.8636363636363636
0.9811320754716981
0.16666666666666666
0.7647058823529411
1.0
0.16326530612244897
0.32835820895522394
0.20000000000000004
0.18181818181818182
0.1276595744680851
0.25000000000000006
0.4109589041095891
0.1923076923076923
1.0
0.955223880597015
0.20833333333333334
0.5
1.0
1.0
0.15625
0.29268292682926833
0.4888888888888889
1.0
0.3589743589743589
1.0
0.46808510638297873
0.8979591836734693
0.9180327868852459
1.0
0.29629629629629634
0.8205128205128205
1.0
0.19999999999999998
0.46511627906976744
1.0
1.0
0.21052631578947367
1.0
0.9032258064516129
0.17857142857142855
0.96
1.0
0.7222222222222222
0.9811320754716981
0.2545454545454546
1.0
0.8674698795180723
0.17391304347826086
0.5957446808510638
0.0
0.5882352941176471
0.9761904761904762
0.2909090909090909
0.23728813559322032
0.927536231884058
0.25
1.0
0.9772727272727273
0.21212121212121213
0.8333333333333334
0.3157894736842105
1.0
0.9500000000000001
0.1714285714285714
0.9047619047619047
0.14285714285714282
0.4242424242424242
0.30188679245283023
0.9130434782608695
1.0
0.24691358024691357
1.0
0.8135593220338982
1.0
0.8372093023255813
0.5742574257425743
0.3333333333333333
0.3404255319148936
0.9662921348314608
0.3188405797101449
1.0
0.0625
0.7916666666666666
0.7500000000000001
0.16666666666666666
0.4615384615384615
0.96875
0.9655172413793104
0.21621621621621623
0.28205128205128205
1.0
0.9714285714285714
0.11594202898550725
0.7027027027027025
0.8333333333333333
0.912280701754386
0.8695652173913043
1.0
0.3846153846153846
0.4444444444444445
0.5106382978723404
0.13793103448275862
1.0
0.3043478260869565
0.963855421686747
0.4819277108433735
1.0
1.0
0.39999999999999997
0.5686274509803921
0.9523809523809524
0.4285714285714286
0.24691358024691357
0.2127659574468085
0.08333333333333333
0.3870967741935484
0.9268292682926829
0.4827586206896552
0.29508196721311475
1.0
0.56
0.8666666666666666
0.2857142857142857
1.0
0.8148148148148148
0.25263157894736843
0.24390243902439024
0.25531914893617025
0.2461538461538462
0.3768115942028986
0.1951219512195122
0.43478260869565216
0.4
1.0
0.5
0.4864864864864865
0.20588235294117646
0.7356321839080459
1.0
0.6808510638297872
0.20000000000000004
0.43902439024390244
0.5862068965517241
0.22950819672131145
0.22535211267605634
0.3492063492063492
1.0
0.2580645161290323
0.9722222222222222
1.0
0.2692307692307692
0.22222222222222224
0.8791208791208792
0.951219512195122
1.0
0.3018867924528302
0.26666666666666666
0.8260869565217391
0.8444444444444443
0.26229508196721313
0.9230769230769231
1.0
0.27906976744186046
0.2692307692307693
0.0425531914893617
1.0
0.9850746268656716
0.8831168831168831
0.9130434782608696
0.835820895522388
1.0
0.9473684210526315
0.1935483870967742
0.22222222222222224
0.9545454545454546
0.379746835443038
0.851063829787234
1.0
1.0
1.0
0.42857142857142855
1.0
1.0
0.9589041095890412
0.15094339622641512
0.47368421052631576
0.22641509433962262
0.7796610169491525
0.1515151515151515
0.8444444444444443
0.691588785046729
0.624
0.17391304347826086
0.9397590361445783
0.4657534246575342
1.0
1.0
0.1904761904761905
0.8636363636363636
0.8857142857142858
0.8656716417910447
1.0
0.2962962962962963
0.25531914893617025
1.0
1.0
1.0
0.2222222222222222
1.0
0.4776119402985075
0.8813559322033898
0.29629629629629634
0.14814814814814817
0.208955223880597
0.8780487804878049
1.0
0.7894736842105262
0.41269841269841273
0.5555555555555555
1.0
1.0
1.0
1.0
0.4150943396226415
1.0
1.0
0.2181818181818182
1.0
0.5151515151515151
1.0
0.23728813559322035
0.9152542372881356
1.0
1.0
1.0
0.273972602739726
0.9850746268656716
0.8051948051948051
0.28571428571428564
0.9523809523809524
0.4
0.6153846153846153
1.0
0.24742268041237114
0.9433962264150944
0.28125000000000006
0.2105263157894737
0.3137254901960784
0.18181818181818182
0.3684210526315789
0.10169491525423728
1.0
1.0
0.3255813953488372
0.37500000000000006
0.3137254901960784
0.8070175438596492
0.29411764705882354
0.19672131147540986
1.0
0.9433962264150944
0.23188405797101447
0.7333333333333334
0.44776119402985076
1.0
0.8399999999999999
0.44444444444444453
0.15625
0.6190476190476191
0.9615384615384616
1.0
0.8974358974358974
0.5901639344262295
0.2978723404255319
0.17500000000000002
1.0
0.2608695652173913
1.0
0.17777777777777778
1.0
1.0
0.2105263157894737
1.0
0.3636363636363636
1.0
1.0
0.8157894736842105
1.0
1.0
0.3137254901960784
0.45714285714285713
0.23529411764705882
0.3278688524590164
0.76
0.912280701754386
1.0
0.9361702127659574
0.4
0.17142857142857143
1.0
0.3703703703703704
0.10526315789473684
0.7578947368421053
0.7727272727272727
0.3870967741935484
0.21276595744680854
0.26666666666666666
0.9411764705882353
0.8799999999999999
0.32499999999999996
1.0
1.0
0.8148148148148148
1.0
1.0
0.8666666666666666
1.0
0.7920792079207921
0.25641025641025644
1.0
0.3111111111111111
0.24561403508771928
1.0
0.25
0.36000000000000004
0.34920634920634924
1.0
0.375
0.2285714285714286
0.13559322033898305
0.6530612244897959
0.9032258064516129
1.0
0.3137254901960785
0.28
1.0
1.0
0.4047619047619048
0.9666666666666667
0.33333333333333337
0.5384615384615384
1.0
1.0
1.0
0.7959183673469388
0.4
0.48648648648648646
1.0
0.3571428571428571
1.0
0.9090909090909091
0.6500000000000001
0.27027027027027023
0.2352941176470588
0.2068965517241379
0.11940298507462689
1.0
0.923076923076923
0.2962962962962963
0.4444444444444445
0.41176470588235287
1.0
0.14084507042253522
0.4848484848484849
1.0
0.2962962962962963
0.8181818181818181
0.9523809523809523
0.845360824742268
1.0
0.5573770491803278
1.0
0.1923076923076923
0.926829268292683
0.34782608695652173
0.2553191489361702
0.2424242424242424
0.11538461538461538
1.0
0.2909090909090909
0.23333333333333334
0.1904761904761905
0.3181818181818182
0.41935483870967744
0.8125000000000001
1.0
0.4057971014492754
0.2222222222222222
0.16901408450704225
0.12698412698412698
0.9473684210526316
0.3888888888888889
0.888888888888889
0.9433962264150944
1.0
0.5294117647058824
1.0
0.9736842105263158
0.9047619047619047
0.9397590361445783
0.3870967741935484
0.8695652173913043
0.9705882352941176
0.8314606741573034
0.9367088607594938
0.8113207547169812
0.1754385964912281
0.9090909090909091
0.4489795918367347
0.15789473684210525
0.2456140350877193
0.7272727272727273
0.8205128205128205
1.0
0.5757575757575758
0.5591397849462365
0.5294117647058824
0.23728813559322032
1.0
0.28205128205128205
0.1971830985915493
0.2222222222222222
0.9508196721311476
1.0
1.0
0.9411764705882353
0.8166666666666667
1.0
1.0
1.0
0.22641509433962267
0.7216494845360824
1.0
1.0
0.21052631578947367
1.0
0.11363636363636365
0.5
1.0
0.40625
0.4406779661016949
0.509090909090909
1.0
0.23728813559322037
0.5490196078431372
0.15151515151515152
0.5555555555555556
1.0
0.2727272727272727
0.3333333333333333
0.1904761904761905
0.9166666666666666
0.375
0.3132530120481928
0.27450980392156865
0.15686274509803924
0.10526315789473685
1.0
1.0
0.18518518518518517
0.28205128205128205
0.34210526315789475
0.5230769230769231
0.48484848484848486
1.0
0.8936170212765957
0.9444444444444444
0.3829787234042553
0.9615384615384616
0.32
1.0
1.0
0.1904761904761905
0.9655172413793104
0.29508196721311475
0.9130434782608695
0.19999999999999998
0.2909090909090909
0.18421052631578946
1.0
0.27906976744186046
1.0
0.2745098039215686
0.42857142857142855
0.35294117647058826
0.17777777777777778
0.3846153846153846
0.3902439024390244
0.8148148148148148
0.627906976744186
1.0
0.41666666666666663
0.38297872340425526
0.13793103448275862
0.5970149253731344
0.40909090909090906
1.0
0.8627450980392156
1.0
1.0
0.24489795918367346
1.0
0.2571428571428572
0.23076923076923075
0.9361702127659575
1.0
0.2641509433962264
0.14634146341463414
0.3037974683544304
0.8533333333333334
0.12903225806451613
0.23529411764705882
0.9714285714285714
0.9206349206349206
0.22535211267605634
0.5964912280701754
1.0
0.19999999999999998
0.27906976744186046
0.16666666666666669
0.14285714285714288
0.24561403508771928
1.0
0.56
0.07407407407407407
0.9666666666666667
0.9782608695652174
0.9615384615384616
0.31111111111111117
0.391304347826087
0.19354838709677416
0.33333333333333337
0.22222222222222224
0.4533333333333333
0.1694915254237288
0.0625
0.4444444444444444
0.3870967741935483
1.0
0.7524752475247525
0.5652173913043478
0.3823529411764706
0.17647058823529413
0.2545454545454545
0.684931506849315
0.6666666666666667
0.8333333333333333
0.4470588235294118
0.18181818181818182
0.37499999999999994
0.25
0.33766233766233766
1.0
1.0
0.18918918918918917
1.0
0.4067796610169492
0.29885057471264365
0.7540983606557377
0.918918918918919
0.20512820512820512
1.0
0.782608695652174
0.8387096774193549
1.0
1.0
0.3333333333333333
0.9142857142857143
1.0
1.0
0.4
0.9148936170212766
0.8163265306122448
1.0
0.9705882352941176
0.6590909090909092
0.9523809523809523
0.9473684210526316
1.0
1.0
0.4727272727272728
0.26666666666666666
0.6341463414634146
0.2727272727272727
0.29629629629629634
1.0
0.2631578947368421
1.0
1.0
0.4
0.6185567010309277
0.3548387096774193
0.7578947368421053
0.25806451612903225
1.0
0.12987012987012986
1.0
0.851063829787234
1.0
0.325
0.25
1.0
0.8181818181818181
0.27450980392156865
0.14545454545454545
0.78
0.4642857142857143
1.0
0.2641509433962264
0.15384615384615383
0.4313725490196078
1.0
1.0
0.29629629629629634
0.6
1.0
1.0
1.0
0.22222222222222224
0.9411764705882353
0.09230769230769231
0.18867924528301885
0.9090909090909091
0.16216216216216214
0.8297872340425532
0.9066666666666667
0.85
0.39285714285714285
0.5416666666666666
0.9545454545454546
0.8041237113402061
0.0909090909090909
0.7500000000000001
0.9206349206349206
0.6582278481012658
0.25806451612903225
1.0
1.0
0.44067796610169496
0.26415094339622636
0.2077922077922078
0.3636363636363636
0.2588235294117647
0.27586206896551724
0.3157894736842105
1.0
0.21052631578947367
0.96875
0.3272727272727273
0.19047619047619052
0.28571428571428575
0.25806451612903225
0.2588235294117647
1.0
0.9523809523809523
1.0
1.0
0.3513513513513514
0.3243243243243243
0.7368421052631579
0.2727272727272727
0.9655172413793104
1.0
0.22222222222222224
1.0
0.6666666666666667
0.8433734939759038
1.0
0.32
1.0
0.26666666666666666
1.0
0.3116883116883117
0.20000000000000004
0.6111111111111112
0.13559322033898305
1.0
0.9375
0.24242424242424243
0.46511627906976755
0.2222222222222222
0.5531914893617023
0.5396825396825397
0.5714285714285714
0.17142857142857143
1.0
0.8125000000000001
0.17142857142857143
0.962962962962963
0.33333333333333337
0.9696969696969697
0.6133333333333333
0.34375
0.923076923076923
0.3793103448275862
0.7647058823529412
0.07692307692307693
0.8450704225352113
0.5581395348837209
0.44
0.9090909090909091
0.8955223880597014
1.0
0.4827586206896552
1.0
0.125
1.0
0.7906976744186046
0.19672131147540986
0.9722222222222222
0.8571428571428572
0.3636363636363636
0.43478260869565216
0.4444444444444444
0.3695652173913043
0.16438356164383564
1.0
0.1702127659574468
0.8627450980392156
0.8571428571428572
0.9736842105263158
0.8076923076923077
1.0
0.3037974683544304
0.26229508196721313
0.45833333333333337
0.9545454545454546
0.7865168539325842
0.3
0.8222222222222222
0.6575342465753424
1.0
1.0
0.3913043478260869
1.0
0.14705882352941177
0.5652173913043478
0.9523809523809523
0.07272727272727274
0.6666666666666665
0.21212121212121213
0.5483870967741935
0.8461538461538461
1.0
0.45454545454545453
0.5999999999999999
0.9589041095890412
1.0
0.18181818181818185
0.9508196721311476
0.624
0.25000000000000006
0.09090909090909091
0.17582417582417584
0.15384615384615383
1.0
1.0
1.0
1.0
0.21212121212121213
1.0
0.45833333333333337
0.9523809523809523
0.6451612903225806
1.0
0.8043478260869565
0.3384615384615385
0.3103448275862069
0.32835820895522383
0.9411764705882353
1.0
0.8923076923076922
0.1923076923076923
0.9714285714285714
0.9565217391304348
0.5714285714285715
0.13953488372093023
0.2926829268292683
0.9662921348314608
1.0
0.3870967741935483
0.03508771929824561
1.0
0.20689655172413793
1.0
0.1702127659574468
0.972972972972973
0.975
0.21739130434782608
1.0
0.9599999999999999
0.25806451612903225
0.15
1.0
0.735632183908046
0.7536231884057971
0.96875
0.2465753424657534
1.0
0.20689655172413793
0.30303030303030304
0.21428571428571427
1.0
0.7692307692307693
1.0
0.42622950819672134
0.780952380952381
1.0
1.0
0.7160493827160495
0.27777777777777773
0.8070175438596492
0.5142857142857143
1.0
1.0
0.16326530612244897
0.76
1.0
0.5079365079365079
0.8181818181818182
0.6511627906976744
0.2040816326530612
0.16666666666666666
0.6923076923076923
0.36363636363636365
0.759493670886076
1.0
0.22857142857142854
1.0
0.8888888888888888
0.9714285714285714
1.0
1.0
0.7727272727272727
0.24999999999999994
0.7391304347826086
1.0
1.0
0.2978723404255319
0.42857142857142855
0.3188405797101449
0.96
0.9135802469135803
0.32
0.17391304347826086
1.0
0.0
1.0
0.3582089552238806
0.28571428571428575
0.2058823529411765
0.6415094339622641
0.23255813953488377
0.1518987341772152
1.0
1.0
0.9736842105263158
0.2903225806451613
0.3428571428571428
0.5
0.06153846153846154
1.0
1.0
0.8865979381443299
1.0
0.41666666666666663
1.0
0.5977011494252873
1.0
0.19672131147540983
1.0
0.9285714285714286
0.9024390243902439
1.0
0.25
0.18749999999999997
0.1951219512195122
0.9565217391304348
0.845360824742268
0.9655172413793104
0.35
0.24489795918367346
0.3111111111111111
0.9473684210526316
0.9014084507042254
0.9166666666666666
0.23728813559322032
0.13636363636363635
0.9870129870129869
0.7951807228915663
1.0
0.9253731343283583
0.31168831168831174
0.3529411764705882
0.7238095238095238
0.30769230769230765
0.951219512195122
0.375
0.6037735849056604
0.9397590361445783
1.0
0.4642857142857143
0.8863636363636364
1.0
0.19354838709677416
0.1509433962264151
0.8823529411764706
0.29411764705882354
0.052631578947368425
1.0
0.96875
0.9818181818181818
0.3
0.33333333333333337
0.49275362318840576
0.9666666666666667
0.896551724137931
0.6213592233009708
0.3947368421052631
0.4406779661016949
0.39506172839506176
1.0
1.0
1.0
1.0
1.0
0.10638297872340426
1.0
1.0
0.830188679245283
1.0
0.3333333333333333
0.18666666666666668
0.34285714285714286
0.8256880733944956
1.0
0.09523809523809523
0.8846153846153846
1.0
0.17218543046357618
0.2857142857142857
0.34146341463414637
0.28
0.14814814814814814
0.8666666666666666
0.9642857142857143
0.9523809523809523
0.38235294117647056
0.888888888888889
0.39215686274509803
0.9620253164556962
0.29999999999999993
0.2448979591836735
0.1754385964912281
0.3928571428571429
1.0
0.37837837837837834
0.8163265306122449
0.31746031746031744
0.21739130434782608
1.0
0.7397260273972602
1.0
0.18461538461538463
1.0
1.0
1.0
0.4313725490196078
0.5
1.0
0.3846153846153846
0.31884057971014496
0.2857142857142857
0.3492063492063492
0.2978723404255319
0.576923076923077
0.39999999999999997
1.0
0.391304347826087
0.8148148148148149
0.28070175438596495
0.3137254901960784
0.463768115942029
1.0
0.9555555555555556
0.26229508196721313
1.0
0.26415094339622636
0.3888888888888889
0.9382716049382717
0.3055555555555556
0.1754385964912281
1.0
0.34375
0.8641975308641976
0.7567567567567568
0.2926829268292683
0.07843137254901962
1.0
0.380952380952381
0.41975308641975306
0.9494949494949495
0.619047619047619
0.2469135802469136
0.3636363636363636
0.65
0.1492537313432836
0.71875
0.16666666666666663
1.0
0.41975308641975306
0.1095890410958904
0.9523809523809523
0.36842105263157887
0.2647058823529412
1.0
0.9135802469135803
1.0
0.2571428571428571
0.8695652173913043
0.8260869565217391
1.0
1.0
0.3
0.8947368421052632
0.2105263157894737
0.3684210526315789
0.9433962264150944
0.22222222222222224
0.96875
0.9583333333333334
0.8131868131868132
1.0
1.0
0.21333333333333332
1.0
1.0
0.787878787878788
0.24137931034482757
0.23684210526315788
0.12903225806451613
0.5813953488372093
0.2545454545454545
0.8163265306122448
0.5
1.0
1.0
1.0
0.2222222222222222
0.18181818181818182
0.35294117647058826
0.48888888888888893
0.26666666666666666
1.0
0.3181818181818182
0.46153846153846156
0.36065573770491804
0.8857142857142857
0.0784313725490196
0.7384615384615385
0.25
0.18181818181818182
1.0
0.30985915492957744
1.0
0.9642857142857143
0.39024390243902435
0.25396825396825395
0.44705882352941173
1.0
1.0
0.9411764705882353
1.0
0.4210526315789474
0.19607843137254902
0.9444444444444444
0.8395061728395062
0.15151515151515152
0.25
0.9538461538461539
0.15384615384615385
0.31746031746031744
0.4927536231884058
0.9090909090909091
0.42424242424242425
0.18823529411764706
1.0
0.9032258064516129
0.13333333333333333
1.0
1.0
1.0
0.39506172839506176
0.125
0.24615384615384617
0.8282828282828282
0.2222222222222222
0.9176470588235294
1.0
0.425531914893617
0.2921348314606741
0.449438202247191
1.0
0.7407407407407407
0.2807017543859649
1.0
0.2647058823529412
0.0
0.30434782608695654
0.8395061728395062
1.0
0.12903225806451613
0.14634146341463414
0.15
0.3157894736842105
0.9655172413793104
1.0
0.16216216216216214
0.25000000000000006
0.2413793103448276
1.0
0.6363636363636364
0.5137614678899083
0.9361702127659574
0.07407407407407407
0.25396825396825395
0.3636363636363637
1.0
1.0
0.6451612903225806
1.0
0.9523809523809523
0.29411764705882354
0.6
0.10526315789473684
0.417910447761194
0.26086956521739124
0.8095238095238096
0.7920792079207921
0.35294117647058826
1.0
0.983050847457627
1.0
0.17391304347826086
0.36363636363636365
0.22950819672131145
0.6666666666666666
0.2222222222222222
1.0
1.0
0.3225806451612903
0.13793103448275862
1.0
1.0
0.3953488372093023
0.8860759493670887
0.17391304347826086
0.96875
0.23728813559322035
0.36
0.96
0.24615384615384614
0.22580645161290322
0.9565217391304348
1.0
0.16666666666666669
0.8115942028985507
0.5970149253731343
0.5858585858585859
0.16326530612244897
0.2941176470588235
0.5755395683453237
0.6
0.19999999999999998
0.23529411764705882
1.0
0.19999999999999998
0.823529411764706
0.9473684210526316
0.2692307692307693
0.9433962264150944
0.09090909090909091
1.0
1.0
1.0
0.45454545454545453
0.8461538461538463
0.972972972972973
1.0
0.8571428571428571
0.13953488372093023
0.3013698630136986
0.9722222222222222
0.33333333333333337
0.8852459016393444
0.3125
0.5454545454545454
0.13636363636363635
0.29545454545454547
0.9113924050632912
0.1951219512195122
0.8529411764705883
0.3829787234042554
0.5544554455445544
0.39436619718309857
0.9705882352941176
0.8387096774193548
0.2777777777777778
0.1935483870967742
1.0
1.0
1.0
0.2857142857142857
0.42666666666666664
0.8351648351648352
0.7906976744186046
0.4
1.0
0.5142857142857143
1.0
0.9253731343283583
1.0
0.39560439560439564
0.9066666666666667
0.6111111111111112
0.4782608695652174
0.868421052631579
0.3508771929824562
0.3013698630136986
0.25
0.3076923076923077
1.0
0.9268292682926829
0.36363636363636365
0.6813186813186815
0.05555555555555555
0.75
0.20895522388059704
0.6842105263157895
0.9135802469135802
0.7560975609756097
0.49350649350649356
0.8051948051948051
0.4347826086956522
0.19999999999999998
0.2
0.23999999999999996
0.4
0.9056603773584906
0.04
0.2153846153846154
1.0
1.0
0.26666666666666666
1.0
0.41025641025641024
0.4680851063829787
0.3333333333333333
0.8571428571428571
0.36619718309859156
0.19718309859154928
1.0
0.7954545454545453
1.0
0.26666666666666666
0.2127659574468085
0.37499999999999994
0.945054945054945
0.2033898305084746
0.26666666666666666
0.7169811320754718
1.0
0.23255813953488372
0.20512820512820512
0.9876543209876543
1.0
0.35294117647058826
1.0
1.0
0.7959183673469388
0.22535211267605634
1.0
0.967741935483871
0.18666666666666665
1.0
0.22857142857142854
1.0
0.28571428571428575
0.4444444444444445
0.7010309278350515
1.0
0.046511627906976744
0.3181818181818182
0.46511627906976744
1.0
1.0
1.0
1.0
0.25974025974025977
1.0
0.4117647058823529
0.18666666666666665
0.9705882352941176
0.28571428571428575
0.19999999999999998
1.0
1.0
0.96875
0.44117647058823534
1.0
0.17857142857142858
0.4230769230769231
0.42424242424242425
0.3157894736842105
0.7333333333333334
1.0
0.30769230769230765
0.9166666666666666
1.0
0.19999999999999998
1.0
0.20689655172413793
0.34782608695652173
1.0
0.4
0.6875
0.7912087912087911
1.0
0.3157894736842105
0.1818181818181818
0.1951219512195122
1.0
0.9577464788732395
0.38596491228070173
0.4375
1.0
0.2580645161290323
1.0
0.29508196721311475
0.8
0.9642857142857143
0.2278481012658228
0.42424242424242425
0.6218487394957983
0.18867924528301885
1.0
0.23157894736842105
0.6666666666666667
0.823529411764706
1.0
0.9382716049382717
0.13953488372093023
0.26415094339622647
0.9230769230769231
0.38095238095238093
1.0
0.25316455696202533
0.2191780821917808
0.33333333333333337
1.0
1.0
0.4516129032258065
0.4489795918367347
0.8222222222222223
0.2222222222222222
0.2222222222222222
0.30769230769230765
1.0
0.1
0.9736842105263158
0.20689655172413793
0.18604651162790697
0.3333333333333333
0.5205479452054794
0.9615384615384616
0.8051948051948052
1.0
0.5
1.0
0.6486486486486486
0.46511627906976744
0.45454545454545453
0.18750000000000003
0.2127659574468085
0.22857142857142854
0.27450980392156865
0.9180327868852459
1.0
0.3333333333333333
1.0
1.0
0.9130434782608695
1.0
1.0
0.4848484848484848
1.0
0.4651162790697674
0.12987012987012986
0.9375
0.9647058823529412
0.9411764705882352
0.7901234567901234
0.17142857142857143
0.7741935483870968
0.3333333333333333
1.0
1.0
0.1702127659574468
0.3703703703703704
0.8333333333333333
0.3291139240506329
0.3896103896103896
0.2191780821917808
1.0
0.23529411764705882
0.9647058823529412
1.0
1.0
0.1935483870967742
0.594059405940594
0.6666666666666666
0.16901408450704225
1.0
0.9333333333333333
1.0
0.6956521739130435
0.33898305084745756
0.6956521739130435
0.15789473684210525
1.0
0.14035087719298242
0.5964912280701755
0.2716049382716049
1.0
1.0
0.15873015873015872
0.3272727272727273
0.2857142857142857
0.7476635514018691
0.3783783783783784
0.7575757575757576
0.9655172413793104
0.2424242424242424
1.0
1.0
0.20512820512820512
0.13333333333333333
0.24561403508771928
1.0
0.20833333333333331
1.0
0.16666666666666666
0.32941176470588235
0.14285714285714288
0.972972972972973
0.5777777777777778
0.96875
0.4090909090909091
0.9411764705882353
0.0816326530612245
0.41935483870967744
0.9666666666666667
1.0
0.23529411764705882
0.9629629629629629
0.3888888888888889
1.0
0.673913043478261
0.041666666666666664
0.9885057471264368
0.19047619047619044
0.5084745762711865
0.19999999999999998
0.16216216216216214
0.4054054054054055
0.9642857142857143
0.26666666666666666
1.0
0.37037037037037035
0.27692307692307694
0.9736842105263158
0.08163265306122448
0.8536585365853658
0.9393939393939394
0.25806451612903225
0.20512820512820515
1.0
0.2608695652173913
0.47058823529411764
1.0
1.0
0.2545454545454546
0.7010309278350515
0.8888888888888891
0.26666666666666666
0.9090909090909091
1.0
1.0
1.0
1.0
1.0
0.48275862068965514
0.2686567164179105
0.9666666666666667
1.0
1.0
0.5333333333333333
0.041666666666666664
1.0
0.9382716049382716
0.967032967032967
0.6031746031746031
1.0
0.8395061728395062
0.12765957446808512
0.5185185185185185
0.23529411764705882
0.21686746987951805
0.13333333333333333
0.2647058823529412
0.9382716049382716
1.0
1.0
1.0
1.0
0.3793103448275862
0.6
0.9655172413793104
0.8852459016393444
0.6666666666666666
0.9600000000000001
0.23809523809523808
1.0
1.0
0.24390243902439024
0.175
1.0
0.2926829268292683
0.7575757575757575
1.0
0.2456140350877193
0.1818181818181818
0.8205128205128205
0.24999999999999994
0.96875
0.19047619047619047
0.6888888888888889
1.0
1.0
0.20833333333333334
0.25
0.3673469387755102
0.3225806451612903
0.22222222222222227
0.4642857142857143
0.3037974683544304
0.2388059701492537
0.273972602739726
0.5882352941176471
0.9777777777777777
0.1923076923076923
1.0
0.17543859649122806
1.0
0.2391304347826087
1.0
0.7472527472527473
1.0
1.0
0.4411764705882353
0.9268292682926829
0.2553191489361702
1.0
0.18518518518518517
0.9428571428571428
1.0
0.75
0.21739130434782605
0.9655172413793104
0.36842105263157887
0.09999999999999999
0.33333333333333337
0.25882352941176473
0.875
0.1724137931034483
0.038461538461538464
0.23529411764705885
0.8172043010752688
0.9411764705882353
0.5128205128205128
0.6451612903225807
0.15
0.411764705882353
0.3684210526315789
0.19999999999999998
0.29508196721311475
1.0
0.8260869565217391
0.9361702127659574
0.30769230769230765
0.3783783783783784
0.4186046511627908
0.23529411764705882
0.2857142857142857
0.17142857142857143
0.3414634146341463
1.0
1.0
0.6746987951807228
0.18421052631578946
0.3880597014925374
1.0
0.6315789473684211
1.0
1.0
0.37499999999999994
0.7567567567567568
0.27027027027027023
1.0
0.27450980392156865
1.0
0.8571428571428571
0.10344827586206896
0.32558139534883723
0.9487179487179487
0.9491525423728815
1.0
0.6363636363636364
0.12
0.27906976744186046
1.0
0.9879518072289156
1.0
0.676470588235294
0.1090909090909091
1.0
1.0
1.0
1.0
0.9411764705882353
0.3125
1.0
0.23529411764705882
0.15625
1.0
1.0
0.5098039215686274
0.9836065573770492
1.0
0.6666666666666667
1.0
1.0
0.8735632183908046
0.9
1.0
0.3225806451612903
0.9302325581395349
0.9459459459459459
1.0
1.0
1.0
0.8837209302325582
1.0
0.23529411764705882
0.1388888888888889
0.2857142857142857
0.16666666666666666
0.13793103448275862
0.9534883720930233
0.7741935483870968
1.0
0.9696969696969697
0.2388059701492537
0.27027027027027023
0.23529411764705885
0.17241379310344826
0.358974358974359
0.23376623376623376
0.7727272727272727
0.20408163265306123
0.393939393939394
0.968421052631579
0.7887323943661971
0.9285714285714286
0.8450704225352113
0.1724137931034483
0.912280701754386
0.18918918918918917
0.26229508196721313
0.3703703703703704
1.0
0.5555555555555555
1.0
0.9433962264150944
1.0
0.9863013698630138
0.23076923076923075
0.8333333333333334
0.4473684210526316
0.8
0.5915492957746479
1.0
0.3181818181818182
0.6190476190476191
1.0
0.9534883720930233
1.0
0.24615384615384614
0.1754385964912281
0.8351648351648352
0.3529411764705882
0.3
0.6969696969696969
0.955223880597015
0.31428571428571433
0.9166666666666667
0.2033898305084746
0.1568627450980392
0.37974683544303806
1.0
0.9113924050632911
1.0
0.2456140350877193
0.9666666666666667
1.0
1.0
0.9473684210526316
0.5882352941176471
1.0
0.10714285714285714
0.8266666666666667
0.975
0.339622641509434
0.9090909090909091
0.4516129032258065
0.3793103448275862
0.3
0.22222222222222227
0.5405405405405406
1.0
0.2524271844660194
1.0
1.0
0.9315068493150686
0.4727272727272727
0.06666666666666667
1.0
0.925
0.7000000000000001
0.375
0.2608695652173913
0.28571428571428575
0.2978723404255319
1.0
1.0
0.9382716049382717
0.44067796610169496
1.0
0.4126984126984127
0.2
1.0
1.0
1.0
0.17857142857142858
0.5121951219512195
0.972972972972973
0.23529411764705882
1.0
0.9491525423728815
0.3255813953488372
0.3103448275862069
0.9615384615384616
0.11764705882352941
0.782608695652174
1.0
0.3529411764705882
0.24000000000000005
0.5128205128205128
0.9589041095890412
0.15384615384615383
0.4313725490196078
0.7727272727272727
0.7187499999999999
1.0
0.9
1.0
0.24242424242424243
0.125
0.8888888888888888
0.20253164556962028
0.1639344262295082
0.712871287128713
0.967741935483871
0.38554216867469876
0.975
0.21052631578947367
0.24657534246575344
1.0
0.8131868131868132
0.1111111111111111
0.16666666666666663
0.24999999999999994
1.0
1.0
0.1724137931034483
1.0
0.45454545454545453
0.7547169811320754
0.9285714285714286
0.9444444444444444
0.3214285714285714
0.7499999999999999
0.9333333333333333
0.18604651162790697
1.0
0.05405405405405406
0.15625
0.9433962264150944
0.22641509433962265
1.0
0.45569620253164556
1.0
1.0
0.3728813559322034
0.23529411764705882
0.22222222222222224
1.0
1.0
0.9863013698630138
0.9589041095890412
1.0
0.303030303030303
0.41860465116279066
1.0
1.0
0.9666666666666667
0.21875
0.2857142857142857
1.0
0.4262295081967213
0.9583333333333334
1.0
0.0625
0.3214285714285714
1.0
0.43750000000000006
0.20588235294117646
0.7391304347826088
1.0
1.0
0.4150943396226416
1.0
0.2222222222222222
0.6428571428571429
1.0
0.10344827586206896
0.1839080459770115
0.13559322033898308
0.38095238095238093
0.19607843137254902
0.23529411764705885
1.0
0.7358490566037735
0.8674698795180723
0.099009900990099
0.8536585365853658
0.2058823529411765
0.28571428571428575
0.8113207547169812
1.0
0.3513513513513513
1.0
0.20512820512820512
0.24489795918367344
1.0
0.9142857142857143
0.3111111111111111
0.6
0.27999999999999997
1.0
0.17910447761194026
1.0
0.360655737704918
0.625
0.8712871287128713
1.0
0.20689655172413796
0.8051948051948051
0.7540983606557378
0.2857142857142857
0.898876404494382
0.13043478260869565
0.7766990291262136
0.26666666666666666
1.0
0.33962264150943394
1.0
0.75
1.0
1.0
0.30303030303030304
0.12987012987012986
0.3636363636363636
0.15625
1.0
0.4705882352941177
1.0
0.6027397260273973
0.5714285714285714
1.0
1.0
0.39344262295081966
0.9302325581395349
0.8333333333333333
0.9574468085106383
0.7532467532467533
0.9411764705882353
0.9411764705882353
1.0
0.9375
0.7586206896551724
1.0
0.6046511627906976
1.0
1.0
0.8636363636363636
0.5599999999999999
1.0
0.9
0.7142857142857143
1.0
0.9863013698630138
0.96875
0.868421052631579
0.9428571428571428
0.19047619047619052
0.126984126984127
0.23728813559322035
0.19047619047619047
0.23529411764705882
0.36363636363636365
0.2
0.6233766233766234
0.8695652173913044
0.22222222222222224
1.0
0.6666666666666666
0.9565217391304348
1.0
0.27027027027027023
0.3466666666666667
0.9268292682926829
1.0
1.0
1.0
0.23655913978494625
0.5106382978723403
1.0
0.8135593220338982
0.24615384615384614
1.0
0.39024390243902435
0.8
0.3404255319148936
1.0
0.988235294117647
0.4482758620689655
1.0
0.26865671641791045
0.2391304347826087
0.15151515151515152
0.9583333333333334
1.0
0.2553191489361702
0.18181818181818182
0.5423728813559322
0.9662921348314608
0.9743589743589743
1.0
0.7222222222222223
0.35294117647058826
0.5871559633027523
0.5737704918032787
0.2631578947368421
0.05263157894736842
1.0
0.22222222222222224
0.8131868131868131
1.0
1.0
0.8478260869565216
0.23809523809523808
1.0
1.0
1.0
1.0
0.8148148148148149
1.0
1.0
1.0
1.0
0.14545454545454548
0.2926829268292683
0.4
0.6823529411764706
0.2790697674418605
0.25
0.3023255813953488
0.9629629629629629
0.27586206896551724
0.96875
0.16
1.0
1.0
0.9382716049382717
0.9600000000000001
1.0
0.9411764705882353
0.27397260273972607
0.14285714285714285
0.2857142857142857
0.2142857142857143
0.048192771084337345
0.912280701754386
1.0
1.0
1.0
0.1518987341772152
0.2702702702702703
0.4067796610169491
0.3389830508474576
0.1917808219178082
1.0
0.9166666666666666
0.5
0.7848101265822784
0.29629629629629634
1.0
1.0
0.9782608695652174
0.47500000000000003
0.45454545454545453
0.8571428571428571
0.9393939393939394
0.18181818181818185
1.0
0.5333333333333333
0.5528455284552846
1.0
1.0
0.9285714285714286
1.0
0.845360824742268
0.2285714285714286
0.8571428571428571
1.0
0.35714285714285715
1.0
0.2545454545454545
0.6086956521739131
0.14285714285714285
1.0
0.2608695652173913
0.196078431372549
1.0
0.4324324324324324
1.0
0.30769230769230765
0.3255813953488372
0.2692307692307692
0.9275362318840579
0.43749999999999994
0.9249999999999999
1.0
0.16216216216216214
0.9444444444444445
0.15384615384615385
1.0
0.39024390243902435
0.13953488372093026
0.23880597014925373
0.8533333333333333
0.3103448275862069
0.8717948717948718
0.8363636363636364