1.0
0.7223184834237341
1.0
0.8421099597573194
0.32142857142857145
0.9629629629629629
1.0
1.0
0.75
1.0
1.0
0.14285714285714285
0.03755851453468135
1.0
0.8142273736919868
0.17073170731707318
1.0
0.2283957169484375
0.5
0.9696969696969697
0.1920840726329092
0.3320366241026409
0.25806451612903225
0.5431000646210274
1.0
0.6549846024623855
0.5725541280573606
0.13048928639180432
0.14285714285714285
0.07692307692307693
1.0
0.13333333333333333
0.9252583791954396
0.08333333333333333
0.4115869358819045
0.10201871919320366
0.11111111111111109
0.3333333333333333
1.0
0.9090909090909091
0.9565217391304348
0.8378378378378378
0.1282051282051282
0.4583333333333333
0.10000000000000002
0.20827391400775228
1.0
0.263816590510905
0.96875
1.0
0.4084142155533755
0.24444444444444446
0.5217391304347826
0.09550159895339669
1.0
0.09481484842677992
0.7647058823529411
1.0
1.0
0.09735045119199434
1.0
0.8717948717948718
0.8561064820506427
1.0
0.5333333333333333
0.6847165475609825
0.10380107463819924
0.2647058823529412
0.48423639482091907
0.26300781776946375
0.4720580288584906
1.0
1.0
0.2253377247539056
1.0
0.8997704394208301
0.9629629629629629
0.15
0.21739130434782608
0.942457241445601
1.0
0.9411764705882353
1.0
1.0
0.25
0.13157894736842102
0.6514390575310556
0.8948393168143697
0.3
1.0
1.0
0.18576737681542685
0.3478260869565218
1.0
0.6746842324688757
1.0
0.3448275862068966
0.6936042968508961
1.0
0.7809063952584119
1.0
0.15022514983593707
1.0
0.1714285714285714
0.2564102564102564
0.16666666666666669
1.0
0.9230769230769231
1.0
0.6393083302335297
1.0
0.82197335217598
1.0
0.05555555555555554
1.0
1.0
0.3548387096774194
0.21621621621621626
0.06690773370684473
0.8018862443507087
0.16712779816844422
0.4
0.09523809523809525
1.0
0.6206896551724138
0.22773680755831607
0.16666666666666669
0.05128205128205127
0.4365699263480883
1.0
1.0
0.28125
0.43333333333333335
0.5555555555555556
0.9333333333333333
1.0
0.2
1.0
0.7085357334709839
0.5745215998949103
0.8903471910022269
0.6541861470734839
1.0
1.0
0.15625
0.13636363636363635
0.6320638681736185
0.1695309769134458
0.14728488607718793
0.9629629629629629
0.22865556535374437
0.13784513491033856
1.0
0.17857142857142858
0.0707951666660037
0.8636363636363636
0.17060269299375935
0.35546510772836076
0.34374999999999994
0.03421000016002686
0.5899299772241843
0.3461538461538461
0.9714285714285714
0.423240862445307
0.2598016040075581
0.21874999999999997
0.23076728986014777
1.0
0.009889410588135757
0.22941721336496054
0.07153334137720409
0.24525296078096154
0.4375
0.9142857142857143
0.42105263157894735
0.13948863267987302
1.0
0.9131007162822624
1.0
0.14285714285714285
0.09288528271384361
0.403835081563555
0.12596697007418722
0.12903225806451615
0.11827392391481274
0.9000876262522591
0.3484749094511509
0.26666666666666666
0.28423819776387127
0.2463922191599986
1.0
1.0
0.7405828201443444
1.0
0.8645582954394498
1.0
1.0
0.5
1.0
0.7833271863838984
0.47599209633492456
0.3571428571428572
1.0
0.27296430879001493
0.2558139534883721
0.7961388313679854
1.0
0.8031219582372628
0.9722222222222222
1.0
0.08333333333333333
0.20045526776924122
0.375
0.1891891891891892
0.25
0.0860707976425058
0.1714285714285714
0.1974200054319643
0.13959408375665475
0.8846153846153846
0.015525383407461145
0.1150785831727497
0.45714285714285713
0.95
1.0
0.14486606950235942
1.0
0.8834743831615535
0.3666666666666667
1.0
0.9285714285714286
0.6814506851874793
0.8846153846153846
1.0
0.18187407671869282
1.0
0.9534883720930233
1.0
0.26060810080044117
1.0
0.4672821657215728
0.19077225512380885
0.0727289758983038
0.2592637093261486
1.0
1.0
0.3674039722817761
0.12121212121212123
0.5349069455252564
0.09519841926698494
0.09428092086955142
1.0
0.0986387855766426
0.39660240584973805
0.6303131865967199
0.875
0.1627906976744186
1.0
0.21788010425720947
0.2110684648971974
1.0
0.9090909090909091
1.0
0.36
0.07142857142857141
0.0625
1.0
0.09374999999999999
0.2727272727272727
0.28559525780095474
0.9
0.918918918918919
0.3774198009945037
0.9722222222222222
1.0
0.11289078895053922
1.0
0.08695652173913045
1.0
0.07407407407407407
0.10714285714285714
1.0
1.0
1.0
0.3950248049489532
0.803832145342598
0.8594048608885092
0.3025354422422666
1.0
0.30318287930006566
1.0
0.8751733190429475
0.14285714285714285
0.19230769230769232
0.0625
0.9761904761904762
0.2923977287400558
1.0
0.16666666666666669
0.10000000000000002
1.0
0.341602338230625
0.16923271255337108
1.0
1.0
1.0
0.38461538461538464
1.0
0.4617520257827378
0.9047619047619048
0.4084951137944793
0.1877814372949214
1.0
0.6124431740491367
0.060606060606060615
0.25
0.19444444444444445
0.30303030303030304
1.0
0.15555555555555556
0.9032258064516129
0.1289621467309341
0.09523809523809525
0.9629629629629629
0.05263157894736841
1.0
0.25925925925925924
0.1787520122761705
1.0
0.043443485862611285
0.9615384615384616
0.6632582342638114
1.0
0.95
0.9090909090909091
1.0
1.0
1.0
0.18710139700632356
0.6551724137931034
1.0
0.21428571428571425
0.2
1.0
0.2702702702702703
0.1009941753029447
0.875
0.9333333333333333
1.0
0.27258027407499164
0.3157894736842105
0.9722222222222222
0.96
0.4916083143534869
0.12000000000000001
1.0
0.95
0.4197991608654015
0.02210368978626914
0.2
0.3181818181818182
0.8615320931896161
1.0
0.4330026733459301
0.5257880244257798
1.0
1.0
0.2970160280669476
1.0
0.7579685273703234
0.17923422344262682
0.561040860234186
1.0
0.24640308050825732
1.0
0.4634146341463415
0.8987963494892562
1.0
0.16666666666666669
1.0
1.0
0.8695652173913043
0.8547333033621379
0.1282051282051282
0.8148148148148148
1.0
0.6256320429665967
0.2974900309863282
0.7966965662075299
0.16129032258064513
1.0
0.9130434782608695
0.8947368421052632
0.7300065132731348
1.0
0.10332625333279344
0.8378536911197008
0.058577141803494825
0.35270071870442254
0.9565217391304348
0.1875
0.27586206896551724
0.11764705882352941
1.0
0.08080389674006265
0.9131007162822624
0.3478260869565218
0.8031219582372628
0.4666666666666667
0.16428381671437473
1.0
1.0
0.05223590821520833
0.29411764705882354
0.15151515151515155
0.6363636363636364
1.0
1.0
0.09675516902475087
1.0
0.1875
0.054430771973647506
0.1875
1.0
0.15159143965003283
0.9629629629629629
0.35690386825973563
0.12000000000000001
0.9428571428571428
0.19047619047619047
1.0
0.14285714285714285
0.2972972972972973
1.0
0.06818181818181818
0.16666666666666669
1.0
1.0
0.7899897438364435
0.07692307692307693
1.0
0.17391304347826086
1.0
0.1996622129571191
0.96875
1.0
0.9375
1.0
0.3125
1.0
0.31728192467979044
0.17391304347826086
0.14705882352941177
0.578310346551028
1.0
0.25
1.0
0.15999999999999998
0.8333333333333334
0.08300201288499902
0.16666666666666669
0.16216216216216217
0.0588235294117647
0.39572488576635756
0.91582496076106
1.0
0.08187307530779821
0.6839168685057281
0.9375
1.0
1.0
0.22857142857142856
0.8594048608885092
0.36696329603207517
1.0
0.25
0.276360233882459
0.188107049975692
0.17647058823529413
0.3016440207160377
0.8806997463876336
0.24983270778181493
0.6057467440406846
1.0
0.9240885594051769
1.0
0.875
0.25
0.18949213184258085
0.8300069580078757
0.15926664959185785
0.8928571428571429
0.6529879822191338
1.0
1.0
1.0
0.1627906976744186
0.12903225806451615
0.1491398861357283
0.2926829268292683
0.10864955212676956
0.42857142857142855
0.5454545454545454
0.09920426746854138
0.2962962962962963
0.7978725136602237
0.9142857142857143
0.12500000000000003
1.0
1.0
0.5333333333333333
0.9310344827586207
0.08104979009533345
0.13381535712974757
1.0
1.0
0.9411764705882353
0.2727272727272727
1.0
0.5303880654166785
0.13513513513513517
0.4043537731417556
0.2558139534883721
1.0
0.6479457990735458
1.0
0.09492689087683702
0.13513513513513517
1.0
1.0
0.9333333333333333
0.8148148148148148
1.0
0.2566849489565917
0.2535233972964472
0.2890481323489904
1.0
0.8224855869942076
0.15999999999999998
1.0
0.6270890852730562
0.44485411273156
0.7859815229548627
0.22656419174894676
0.8499870972462776
0.0033496554941072638
0.245853999249929
1.0
0.8367150733202594
0.6821614784251477
0.9304546606447853
0.13793103448275862
0.19786244288317878
0.5333333333333333
0.6746842324688757
1.0
1.0
0.22727272727272727
0.9487179487179487
0.08823529411764706
1.0
0.18181818181818182
0.04493289641172216
0.9389446958989583
1.0
0.7925740797715947
0.9130434782608695
0.3128779837386836
1.0
0.5825901686488565
0.10256410256410255
0.28423819776387127
0.3320366241026409
1.0
1.0
1.0
0.36051276385922376
0.09832166287069737
0.9545454545454546
0.88
0.28125
0.29100238272351836
1.0
0.9370225907844296
0.375
0.3522274099927112
1.0
0.19100319790679338
0.9375
0.5305179148908922
0.9583333333333334
0.10830904637725597
0.30769230769230765
0.044626032029685965
0.043478260869565216
1.0
0.5789610842711501
0.21624875785448117
0.782608695652174
0.25
0.15999999999999998
1.0
0.1279037968637551
0.13636363636363635
1.0
0.967741935483871
0.22979027467301683
0.6742240899445546
0.08785386873856946
0
0.14285714285714285
0.9131007162822624
1.0
0.12500000000000003
1.0
0.025641025641025644
1.0
0.3
0.008520511068835796
1.0
0.24074890152786152
0.5257880244257798
1.0
0.8187307530779819
0.3561388764008908
1.0
1.0
0.5198834226108286
0.11764705882352941
0.12903225806451615
0.8823529411764706
1.0
0.4166666666666667
0.2773156305455514
0.375
0.7094443285870328
0.9200444146293233
0.2857142857142857
0.21863860451636688
1.0
0.2930111429302785
1.0
1.0
0.75
0.7425469006375184
0.2211821590360069
0.8084876781335084
0.12399150399935213
0.6446697771838181
0.96875
0.3436446393954861
0.7700548468697751
1.0
0.21428571428571425
1.0
1.0
0.05367694950537755
0.9722222222222222
0.8874100177457646
1.0
0.23529411764705885
0.048780487804878044
1.0
0.863862675318009
0.17647058823529413
0.23255813953488372
0.25
0.15789473684210523
0.13010845324233772
0.4026572876944122
1.0
0.9545454545454546
0.16666666666666669
0.1875
0.11111111111111109
0.0282746723304494
0.29411764705882354
0.21040698011026845
0.5488116360940264
0.052792637755785445
0.14814814814814814
0.2222222222222222
0.9354838709677419
1.0
0.9090909090909091
0.9090909090909091
0.13757080087306373
0.4827586206896552
0.031048243550101332
0.1394714758202644
1.0
1.0
0.8948393168143697
0.40871514110598406
0.15789473684210523
1.0
0.9583333333333334
0.07692307692307693
0.23333333333333334
0.8611111111111112
0.9077609612738833
0.15864096233989522
0.1797767717102179
1.0
0.9473684210526315
0.7333333333333333
0.7735656665918499
1.0
0.14313853201434015
1.0
0.09523809523809525
1.0
0.7430381997858699
0.7379692282502012
0.7403973937524937
0.16273673812651854
0.9655172413793104
0.13636363636363635
0.45058703794359034
1.0
1.0
0.25389505791506084
1.0
0.12903225806451615
0.8717948717948718
0.21951219512195122
0.14876899939942792
0.18268912394149953
0.175
0.16979051130989647
0.16666666666666669
0.8789456120040121
1.0
1.0
1.0
0.07142857142857141
0.2071887352662952
1.0
1.0
0.22578157790107845
0.23381651837432688
1.0
0.18268912394149953
1.0
0.9080923379366443
0.054134113294645084
0.9523809523809523
1.0
0.13223911057726925
0.9138979310987645
1.0
0.14117701963626123
1.0
0.10810810810810814
0.016409319790747813
0.9696969696969697
0.8257284094045387
0.4463397061352413
0.2222222222222222
0.06766764161830635
1.0
0.9565217391304348
0.9333333333333333
1.0
1.0
1.0
0.02702702702702703
1.0
1.0
0.9285714285714286
1.0
0.8877655252065778
0.26666666666666666
0.11538996207609734
0.29578340838831024
0.23635004922539296
1.0
0.21052631578947367
0.08108108108108107
0.19268486479380414
0.6866758392998814
1.0
1.0
0.12000000000000001
0.311397878912092
0.19128844548653198
0.15280565892219664
0.2599417113054143
0.17182231969774306
0.6319490258171626
0.9459594689067654
0.3587153290534512
0.9487294800164372
0.18303142228880676
1.0
0.15163266492815836
0.04545454545454546
0.31972981903637937
0.225
0.7
0.4672821657215728
0.14728488607718793
0.37529887035490994
0.014854715642866776
0.6317722706087585
1.0
0.6503340848431194
0.8333333333333334
0.06755506093047971
1.0
0.9636404443012863
0.0755213972496489
0.2916666666666667
1.0
0.1460251468258884
0.047619047619047616
0.17794164509262397
0.1511440965824943
0.11111111111111109
1.0
0.1735089638871509
0.2825399409399957
1.0
0.09337718753880407
0.9655172413793104
0.9047619047619048
0.20483911250585926
0.17055952314366876
0.9166666666666666
0.8918918918918919
0.9333333333333333
1.0
0.8997704394208301
0.7474803397808976
0.0778800783071405
0.0909090909090909
0.22941721336496054
1.0
1.0
0.20424755689723964
1.0
0.1935483870967742
0.2
0.32352941176470584
1.0
1.0
0.3125
1.0
0.004020734297853434
0.11676674391410813
0.1724137931034483
0.11573831204663163
0.49411878576781265
1.0
0.7463968676176286
0.6503340848431194
0.20454545454545456
1.0
1.0
0.16640524128040496
1.0
1.0
1.0
0.7102734351492538
0.02426317497222675
0.4722222222222222
1.0
1.0
0.36363636363636365
1.0
1.0
0.11031220373681486
0.21788010425720947
1.0
1.0
1.0
0.8095238095238095
1.0
1.0
0.1714285714285714
0.2571428571428571
0.2054151740929507
0.19885318151430437
0.782608695652174
0.9368637752000993
1.0
0.08139178898714591
0.10570321345780699
1.0
0.12500000000000003
0.2
0.2710690619157996
0.7622705291381667
0.44382425902488737
1.0
0.21428571428571425
0.6892901195306848
0.09931706075828191
0.8841518831475701
1.0
1.0
0.11111111111111109
0.9583333333333334
1.0
0.12555040213891575
1.0
1.0
0.3737401698904488
1.0
1.0
0.2021768865708778
0.967741935483871
0.16474085607857375
1.0
0.13636363636363635
0.19512195121951223
0.7873121827816278
0.3
0.23381651837432688
0.2
1.0
0.14749685357076817
0.9473684210526315
0.559874455119354
1.0
0.8709677419354839
0.15546776681611357
0.15362933437939444
1.0
0.9393939393939394
0.3333333333333333
0.08333333333333333
0.3205901942149773
0.1590909090909091
0.11764705882352941
1.0
0.8394570207692074
0.22472096463777239
0.21201977004170025
1.0
0.17058674804417814
0.14705882352941177
0.3571428571428572
0.9349755637992723
1.0
1.0
0.951229424500714
1.0
0.6401534903384809
1.0
0.11949571679855335
1.0
1.0
0.9455876860853387
0.762889396110506
0.16666666666666669
0.08333333333333333
0.2857142857142857
1.0
1.0
1.0
0.8806997463876336
0.1842105263157895
0.14285714285714285
0.23350647909091338
1.0
0.2926255521537061
0.048675048941962805
0.22744899739223753
0.95
1.0
0.49443047265033274
0.07692307692307693
0.13691123174202455
0.2982797722714565
0.26638701238509455
0.16666666666666669
0.24242424242424243
0.19047619047619047
0.4722222222222222
1.0
0.24
0.9666666666666667
0.8882480440276221
1.0
1.0
0.6136849081287487
1.0
1.0
1.0
0.31428571428571433
0.37037037037037035
0.3043478260869566
0.25
0.2631578947368421
1.0
1.0
0.9705882352941176
1.0
1.0
0.4358974358974359
1.0
0.290472019948777
0.16216216216216217
0.7026185226629954
1.0
0.9642857142857143
0.08675668027671038
0.21874999999999997
0.042553191489361694
0.23076923076923078
0.9655172413793104
0.9542912970100085
1.0
0.08372115912852374
1.0
1.0
0.2
0.04545454545454546
1.0
0.19303799513845324
1.0
0.10526315789473682
0.12997085565270713
0.9545454545454546
0.9185708950543291
0.6703200460356393
1.0
0.8928571428571429
0.9310627797040228
1.0
0.2
0.11111111111111109
0.28496906152442425
0.1935483870967742
0.13691123174202455
1.0
0.21477789962217883
1.0
0.9090909090909091
0.12903225806451615
0.3666666666666667
0.23809523809523808
0.967741935483871
1.0
0.6840733893025379
0.1388888888888889
0.2517209155412971
0.13479868923516647
0.6706803886480902
0.9304546606447853
0.9230769230769231
0.22727272727272727
0.9230769230769231
0.40864155207148994
1.0
0.20076301087007137
0.8273408461730583
0.10025884372280375
1.0
0.3181818181818182
0.967741935483871
0.19128844548653198
0.8539507468146957
0.9753099120283327
0.4164290448016509
0.9722222222222222
1.0
0.9411764705882353
0.24337524470981403
0.3103448275862069
0.9166666666666666
0.12791964235775155
0.5552433681896333
0.18295634688326962
0.967741935483871
0.5
0.942457241445601
0.25
0.15384615384615385
0.8928571428571429
0.42857142857142855
0.2916666666666667
0.16666666666666669
0.018533280511311718
0.4878048780487805
0.2571428571428571
0.30952380952380953
0.11434609936469173
0.12500000000000003
0.2622446967019693
0.08785910567087736
1.0
0.8885329143158686
1.0
0.2222222222222222
0.16129032258064513
1.0
0.14285714285714285
0.20298408653765876
0.9736842105263158
1.0
0.8129585597761049
0.21428571428571425
0.1285964909955133
1.0
1.0
0.9411764705882353
0.09374999999999999
1.0
0.33929606796539286
1.0
1.0
1.0
0.22727272727272727
0.15555555555555556
1.0
1.0
0.45725976809165114
0.16666666666666669
0.19755152551512475
0.7943198449529558
1.0
0.967741935483871
1.0
1.0
0.17857142857142858
0.10023313204738447
1.0
0.8378536911197008
0.1388888888888889
0.2308132432510116
1.0
0.39902690558743836
0.2
0.12000000000000001
1.0
0.391304347826087
0.9440662214606104
1.0
0.8408528612504581
0.14814814814814814
0.9131007162822624
0.12500000000000003
0.45725976809165114
0.2647058823529412
0.4375
0.16216216216216217
0.1282051282051282
1.0
1.0
1.0
0.9565217391304348
0.16964803398269643
1.0
0.9565217391304348
0.16129032258064513
0.6190476190476191
0.1401167948362273
0.12984003392149784
0.19444444444444445
1.0
0.2
1.0
0.96875
1.0
0.9274486888881961
0.13333333333333333
0.8219864299617914
0.7767168567720559
0.8861916925311702
0.07374488210971772
1.0
0.27137374058211094
0.4090909090909091
0.9
0.2916666666666667
0.08491144694215032
0.9389446958989583
1.0
0.05263157894736841
0.21951219512195122
0.3022881931649886
1.0
0.10714285714285714
0.49367278838913037
1.0
1.0
0.9615384615384616
0.13043478260869565
0.15765991148446093
0.6036926472000358
1.0
0.13636363636363635
0.15384615384615385
0.3684210526315789
0.9629629629629629
0.3571428571428572
0.9411764705882353
0.8461538461538461
0.23083951669704195
1.0
0.942457241445601
1.0
1.0
0.972972972972973
0.4267295178819816
1.0
1.0
0.0648699400849856
1.0
0.12500000000000003
0.5681818181818182
0.4117647058823529
0.2
1.0
0.13667423885313018
0.788127627745311
0.2962962962962963
0.2
0.41504578012830107
1.0
0.7847231940537559
0.5357142857142857
0.9389446958989583
1.0
0.9285714285714286
0.1415861794010407
1.0
1.0
1.0
0.1272522967405269
0.15789473684210523
0.7083333333333334
1.0
1.0
1.0
1.0
0.38502200714346296
0.18949213184258085
1.0
1.0
0.7162916990380516
0.06703200460356394
0.6728906227729773
1.0
1.0
0.769398509167863
1.0
0.7918895663367816
0.9782608695652174
0.33929606796539286
0.9629629629629629
0.2564102564102564
1.0
0.1727251461765369
0.16532200533246952
0.5333333333333333
0.9565217391304348
0.9090909090909091
0.9444444444444444
0.9117647058823529
0.52
0.2853131744707551
0.15315715439004485
0.05555555555555554
0.8888888888888888
1.0
0.07262676127437415
0.15538123326902822
0.9227628506087063
0.8187307530779819
0.896551724137931
0.0909090909090909
1.0
0.08786571270524224
0.15688407624754866
0.8598175054566484
0.4988612275260315
0.11111111111111109
0.4117647058823529
1.0
0.3170769470593225
1.0
0.23684210526315785
1.0
1.0
0.16666666666666669
1.0
1.0
0.10810810810810814
0.13381535712974757
0.696969696969697
0.972972972972973
0.92
0.2675486844883217
1.0
0.0743767200494766
0.18479416436999896
0.12903225806451615
0.9722222222222222
1.0
1.0
0.9726044771163485
0.1999064392500372
0.8987963494892562
1.0
0.1468521100037996
0.08427986526824882
0.21739130434782608
0.1794871794871795
0.21428571428571425
0.75
0.1426844136751071
0.2682926829268293
1.0
1.0
0.5277777777777778
1.0
0.3422780793550613
0.07740440226153635
0.26812801841425576
0.2978723404255319
1.0
0.17647058823529413
0.08986579282344431
0.10000000000000002
1.0
0.9428571428571428
0.11111111111111109
1.0
1.0
0.19983113689773713
0.3
0.16129032258064513
0.3451508251153529
1.0
1.0
0.15789473684210523
0.24561922592339458
1.0
0.6086956521739131
1.0
0.9072783801617101
0.16666666666666669
1.0
0.15987700186390624
0.5305179148908922
0.44720794302506206
0.6632582342638114
0.3939393939393939
0.9666666666666667
0.24324324324324326
0.7026185226629954
0.9166666666666666
0.0751384770919889
0.6821096395217253
1.0
0.03996622737954742
0.27107791217722094
0.15
0.10714285714285714
0.075
0.20930232558139536
0.3782350744341355
0.10581021561132678
1.0
0.9389446958989583
0.12500000000000003
0.27586206896551724
1.0
1.0
0.11627906976744189
0.23076923076923078
0.47619047619047616
1.0
0.07384187820157277
1.0
0.4166666666666667
0.8071177470053894
0.9304546606447853
1.0
0.18195919791379003
0.8219864299617914
1.0
0.1724137931034483
0.38026239257435684
1.0
1.0
0.10344827586206899
1.0
0.9285714285714286
0.10714285714285714
0.95
1.0
0.43868633935855544
0.9192232297295908
0.10604358061710577
1.0
0.762889396110506
0.12500000000000003
0.5393303151306537
0
0.42857142857142855
0.9736842105263158
0.12500000000000003
0.20689655172413796
0.9032258064516129
0.21739130434782608
1.0
0.8809523809523809
0.10000000000000002
0.7248779733605923
0.08333333333333333
1.0
0.9411764705882353
0.1282051282051282
0.732125689155227
0.11111111111111109
0.2777777777777778
0.23076923076923078
0.9130434782608695
1.0
0.16666666666666669
1.0
0.6824107719750374
1.0
0.6574708577608569
0.4085506571013895
0.17959540954246436
0.24902746807698065
0.9265444164269161
0.09614756621336873
1.0
0
0.6233698220846781
0.7666666666666667
0.1347522767731242
0.28496906152442425
0.9666666666666667
0.9655172413793104
0.22857142857142856
0.1122395150276104
0.9285714285714286
0.9411764705882353
0.08333333333333333
0.4278475991938267
0.6918258252705171
0.874196553453739
0.8636363636363636
1.0
0.37037037037037035
0.3333333333333333
0.4074074074074074
0.10810810810810814
1.0
0.17857142857142858
0.9455876860853387
0.3541666666666667
1.0
1.0
0.21739130434782608
0.25836769018855865
0.9126729116362013
0.40717683811618177
0.17840061229061888
0.18181818181818182
0.0015203657262245855
0.22727272727272727
0.8382234324229999
0.42857142857142855
0.15151515151515155
1.0
0.23695975425391236
0.7139007178154544
0.1225138817365952
1.0
0.46153846153846156
0.09481484842677992
0.2496656526359045
0.2222222222222222
0.20512820512820512
0.2857142857142857
0.14285714285714285
0.2982797722714565
0.2346584878040127
1.0
0.3461538461538461
0.3327787566546617
0.15713532103865457
0.4672821657215728
1.0
0.5185185185185185
0.10987343836674063
0.1980286158198963
0.40540540540540543
0.15789473684210523
0.21383633182685563
0.3571428571428572
1.0
0.18181818181818182
0.9705882352941176
1.0
0.23076923076923078
0.07692307692307693
0.7735656665918499
0.9025202940335931
1.0
0.16901041441941933
0.09761944506493804
0.6703200460356393
0.6581848072882169
0.15151515151515155
0.918918918918919
1.0
0.16666666666666669
0.2
0
1.0
0.9636404443012863
0.7725453888611077
0.7675178541465095
0.6550282443857736
1.0
0.9444444444444444
0.16666666666666669
0.19047619047619047
0.9523809523809523
0.31864443676870197
0.7094443285870328
1.0
1.0
1.0
0.26666666666666666
1.0
1.0
0.9440662214606104
0.12500000000000003
0.42105263157894735
0.11542885259729228
0.5795782787848095
0.15625
0.7165313105737893
0.4124194827001579
0.3580060407311684
0.14285714285714285
0.8735978499475631
0.45714285714285713
1.0
1.0
0.18173123146431452
0.7026185226629954
0.8273408461730583
0.8387096774193549
1.0
0.03360275636987488
0.25
1.0
1.0
1.0
0.1657109845952536
1.0
0.4375
0.8300915602566021
0.2222222222222222
0.14477849635383994
0.17647058823529413
0.8105677272790013
1.0
0.7170287333499838
0.3485664239385325
0.4365699263480883
1.0
1.0
1.0
1.0
0.378978599125082
1.0
1.0
0.11949571679855335
1.0
0.36642584206982365
1.0
0.13157894736842102
0.8457261983102373
1.0
0.8888888888888888
1.0
0.20588235294117646
0.96875
0.7686857682173651
0.24
0.9185708950543291
0.24943061376301576
0.347385016398757
1.0
0.24444444444444446
0.96
0.1842317443559495
0.1417099658223044
0.26666666666666666
0.044629616249138505
0.23809523809523808
0.06666666666666667
1.0
1.0
0.26966515756532683
0.3478260869565218
0.21874999999999997
0.6774193548387096
0.17777777777777776
0.13333333333333333
0.9375
0.9130434782608695
0.08110244988459418
0.6191984998215584
0.17073170731707318
1.0
0.7512608779149881
0.3645960015890645
0.08267022289045116
0.33846542510674216
0.9565217391304348
1.0
0.7961388313679854
0.2580137840660023
0.17857142857142858
0.14285714285714285
1.0
0.25
1.0
0.14285714285714285
1.0
1.0
0.0909090909090909
0.9459459459459459
0.3181818181818182
1.0
0.96875
0.730125734129442
1.0
1.0
0.2916666666666667
0.4697065314067379
0.15151515151515155
0.19047619047619047
0.52264129223713
0.8076923076923077
1.0
0.91582496076106
0.23076923076923078
0.15
1.0
0.3571428571428572
0.041666666666666664
0.5305179148908922
0.5352614285189903
0.25966489865738807
0.14285714285714285
0.16666666666666669
0.9411764705882353
0.8686936693348039
0.23529411764705885
1.0
1.0
0.5536730085068172
1.0
0.9642857142857143
0.8645582954394498
0.9375
0.6257840096045911
0.141080287481769
1.0
0.25
0.12121212121212123
1.0
0.15318566767292974
0.1990364751593859
0.30843116885615407
1.0
0.35294117647058826
0.16666666666666669
0.10000000000000002
0.48
0.8928571428571429
1.0
0.25
0.1996622129571191
1.0
1.0
0.2762108847056146
0.9259259259259259
0.2662050675494792
0.3358430716614131
1.0
0.8888888888888888
1.0
0.6227038648477501
0.3333333333333333
0.3181818181818182
1.0
0.3225806451612903
1.0
0.875
0.6306396459378436
0.21052631578947367
0.10526315789473682
0.07843137254901959
0.10256410256410255
1.0
0.8888888888888888
0.20833333333333334
0.378978599125082
0.3333333333333333
1.0
0.10526315789473682
0.3393994081674645
1.0
0.16216216216216217
0.6764705882352942
0.9444444444444444
0.7163249593774654
1.0
0.30939281876360103
1.0
0.16666666666666669
0.8947368421052632
0.2853688273502142
0.075
0.03821314349538404
0.07894736842105263
1.0
0.1755839628485052
0.17738408734343147
0.10976232721880529
0.14814814814814814
0.19170321381374333
0.5054422164271946
1.0
0.1175136920385618
0.09523809523809525
0.13513513513513517
0.09581148409258429
0.8632431969112069
0.2857142857142857
0.8333333333333334
0.96
1.0
0.4
1.0
0.9142857142857143
0.8539396656235351
0.8735978499475631
0.2634446721749134
0.8142704940635178
0.9642857142857143
0.6894613215265791
0.9455876860853387
0.7107294694418747
0.12072172458529952
0.8125
0.3043478260869566
0.12000000000000001
0.25
0.5555555555555556
0.7013541807185699
1.0
0.42105263157894735
0.2618442918312065
0.20328482987029958
0.20689655172413796
0.9333333333333333
0.20454545454545456
0.1388888888888889
0.17857142857142858
0.8512377088598044
1.0
1.0
0.8725252928694237
0.6410197071987237
1.0
1.0
1.0
0.11428571428571427
0.47494570547816534
1.0
1.0
0.2
1.0
0.09414021916742367
0.229145531581349
1.0
0.36363636363636365
0.19439479832454817
0.5
1.0
0.14897559113742284
0.41935483870967744
0.12121212121212123
0.3793103448275862
1.0
0.23884377019126307
0.2592863772386012
0.2
0.9090909090909091
0.3243243243243244
0.2346584878040127
0.23146788923499934
0.07692307692307693
0.08333333333333333
1.0
1.0
0.15151515151515155
0.2
0.2926829268292683
0.39572488576635756
0.4117647058823529
1.0
0.7788007830714049
0.9444444444444444
0.1835486863282199
0.9583333333333334
0.28187523588748536
1.0
1.0
0.17391304347826086
0.9655172413793104
0.25
0.9
0.14330626211475786
0.25
0.1891891891891892
1.0
0.24257582725796215
1.0
0.11093682752026997
0.3225806451612903
0.2
0.12319610957999931
0.21639967127731902
0.25
0.7857142857142857
0.3341104401579483
0.9655172413793104
0.3474774677339216
0.2571428571428571
0.0625
0.27820956007065695
0.06350256730258876
1.0
0.728277464581102
1.0
1.0
0.16848073880906483
1.0
0.20512820512820512
0.16666666666666669
0.9048374180359595
1.0
0.21329310752886596
0.07692307692307693
0.23809523809523808
0.7832224381918362
0.09523809523809525
0.1794871794871795
0.96875
0.88
0.1794871794871795
0.2158150833986898
1.0
0.14634146341463414
0.2222222222222222
0.14285714285714285
0
0.12121212121212123
1.0
0.3187519004096849
0.028202857918852044
0.9655172413793104
0.9777777777777777
0.9523809523809523
0.18187407671869282
0.220190692559815
0.05486549796798427
0.21952465443761057
0.19230769230769232
0.2091276528931069
0.15115674829114512
0.03846153846153846
0.30769230769230765
0.2631578947368421
1.0
0.5808438894109645
0.40936537653899097
0.30775940366714516
0.14285714285714285
0.19230769230769232
0.38582130682912413
0.6486486486486487
0.7408182206817179
0.08965693676216654
0.1282051282051282
0.3333333333333333
0.17647058823529413
0.21470779802151024
0.9285714285714286
1.0
0.14285714285714285
1.0
0.1875
0.24
0.5238219333881834
0.9428571428571428
0.17533854517964248
1.0
0.5737534207374327
0.8125
1.0
1.0
0.2849111011207126
0.8065905820325195
1.0
1.0
0.2234400153452131
0.8187307530779819
0.6233698220846781
1.0
0.9696969696969697
0.6138795702334228
0.9411764705882353
0.9565217391304348
1.0
1.0
0.3870967741935484
0.16726919641218446
0.2618442918312065
0.1714285714285714
0.17647058823529413
1.0
0.19107501615301048
1.0
1.0
0.2647058823529412
0.5061707577276455
0.09845583760209703
0.539211679500719
0.15469640938180051
1.0
0.09553750807650524
1.0
0.7094443285870328
1.0
0.27906976744186046
0.16666666666666669
1.0
0.7158917711308311
0.18612544500887301
0.10526315789473682
0.621687447831229
0.36924653855465434
1.0
0.18518518518518515
0.11627906976744189
0.25806451612903225
1.0
1.0
0.21728276451639858
0.5221626956467711
1.0
1.0
1.0
0.23076923076923078
0.9080923379366443
0.08571428571428572
0.09677419354838708
0.7894736842105263
0.11764705882352941
0.7658644177581746
0.8333622893464332
0.6256320429665967
0.3
0.41935483870967744
0.95
0.6393083302335297
0.03846153846153846
0.75
0.9027350271165387
0.43709076746156533
0.17857142857142858
1.0
1.0
0.3529418048153136
0.0637514743281228
0.22857142857142856
0.3274923012311928
0.19512195121951223
0.14285714285714285
0.10526315789473682
1.0
0.16666666666666669
0.9
0.3
0.15999999999999998
0.2982797722714565
0.15625
0.22727272727272727
1.0
0.9000876262522591
1.0
1.0
0.24390243902439027
0.2777777777777778
0.5457383582118422
0.2
0.9629629629629629
1.0
0.141080287481769
1.0
0.3832964595336396
0.7227037508700684
1.0
0.32
1.0
0.14715177646857694
1.0
0.07809555605195041
0.16666666666666669
0.47058823529411764
0.12121212121212123
1.0
0.8751733190429475
0.17647058823529413
0.15570161195729887
0.19470019576785122
0.5217391304347826
0.4205594060086126
0.42151147547986145
0.11809163818525367
1.0
0.6875
0.07325278573256963
0.9138979310987645
0.19298702809038337
0.9333333333333333
0.2943035529371539
0.09182560075535161
0.8717948717948718
0.21140642691561398
0.471756038601839
0.060606060606060615
0.7368421052631579
0.5
0.3070848473887668
0.8695652173913043
0.8342260841089232
1.0
0.38218549230055293
0.9473684210526315
0.0588235294117647
1.0
0.8095238095238095
0.12092539863291606
0.9705882352941176
0.8408528612504581
0.255581244851358
0.3495319136902663
0.38095238095238093
0.18383284460419383
0.16216216216216217
1.0
0.12500000000000003
0.728277464581102
0.8143536762323635
0.9459459459459459
0.657783562183121
1.0
0.17641539908082188
0.23333333333333334
0.32770696986498177
0.9
0.6384623607623958
0.13043478260869565
0.6624801353939261
0.36787944117144233
1.0
0.972972972972973
0.3495319136902663
1.0
0.14285714285714285
0.5164247858550347
0.9428731438548749
0.03843157756609294
0.45296706722760355
0.13269098343959057
0.4
0.84
1.0
0.34644194691209035
0.42500253387957976
0.942457241445601
0.9444444444444444
0.16666666666666669
0.9259259259259259
0.3580060407311684
0.12047768476488081
0.06666666666666667
0.14063030173269306
0.06657421673961592
1.0
1.0
0.9393939393939394
1.0
0.13256878767620292
1.0
0.3389047890027252
0.9629629629629629
0.5714285714285714
1.0
0.6043039110170734
0.28125
0.23979736427728454
0.2222222222222222
0.9411764705882353
1.0
0.8359179747591038
0.16129032258064513
0.9705882352941176
0.9473684210526315
0.2865047968601901
0.08988838585510894
0.2608695652173913
0.9496929928438407
0.9743589743589743
0.2267382185249659
0.026315789473684213
1.0
0.1388888888888889
1.0
0.09374999999999999
0.967741935483871
0.918918918918919
0.08321336524985097
1.0
0.9428571428571428
0.16666666666666669
0.09767014678457508
1.0
0.494401670179533
0.5812585488912737
0.8928571428571429
0.19304619744038023
1.0
0.09931706075828191
0.2702702702702703
0.14897559113742284
1.0
0.5833333333333334
0.9722222222222222
0.2564102564102564
0.6143567538871342
1.0
1.0
0.684504683727151
0.15384615384615385
0.6880620876352622
0.3465889484072191
1.0
1.0
0.12000000000000001
0.6043039110170734
1.0
0.35294117647058826
0.732691958308492
0.3849384002773616
0.15384615384615385
0.07407407407407407
0.5655536651776331
0.049605448969875766
0.5119370382211135
1.0
0.12593237066801938
1.0
0.8181818181818182
0.9394130628134758
1.0
1.0
0.6731051705390142
0.10526315789473682
0.3985190410845142
1.0
1.0
0.18208127805685018
0.32269606971871956
0.23684210526315785
0.9565217391304348
0.8378536911197008
0.11764705882352941
0.13066032305928252
1.0
0
1.0
0.1891891891891892
0.2222222222222222
0.1875
0.2629846698219611
0.04775079947669835
0.16216216216216217
1.0
1.0
0.9705882352941176
0.25
0.23761006241802315
0.3393994081674645
0.028571428571428577
1.0
1.0
0.8145428811424836
1.0
0.23245245970044065
1.0
0.2635971381157267
1.0
0.15
1.0
0.9227628506087063
0.8333622893464332
1.0
0.21428571428571425
0.1290190212513104
0.11319367420659762
0.9565217391304348
0.710514599591319
0.96
0.3
0.1153846153846154
0.24561922592339458
0.96
0.8126090869615151
0.9117647058823529
0.09824769036935783
0.11111111111111109
0.9393939393939394
0.6245096350345198
1.0
0.8888888888888888
0.15328310048810098
0.25
0.47555475499818306
0.009821871922454749
0.9025202940335931
0.2916666666666667
0.26914634872918386
0.8735978499475631
1.0
0.42857142857142855
0.82197335217598
1.0
0.16666666666666669
0.15384615384615385
0.7470175003104325
0.21428571428571425
0.042955579924435765
1.0
0.9310344827586207
0.9574533680683809
0.2222222222222222
0.1968193969754228
0.42530578725826296
0.88
0.788127627745311
0.3542542766836111
0.17948416030796924
0.36024153135431203
0.21600914765274834
1.0
1.0
1.0
1.0
1.0
0.10795018872255616
1.0
1.0
0.8181818181818182
1.0
0.2627281472103894
0.16216216216216217
0.2463922191599986
0.6934527926752952
1.0
0.047619047619047616
0.8252589858680638
1.0
0.05172431619454139
0.20849491427621772
0.2594761131837212
0.15558094516139154
0.0006079213103696774
0.8313060533071633
0.96
0.9411764705882353
0.19192657127270918
0.8668778997501817
0.2621911009885263
0.9714285714285714
0.2261973786435952
0.06896551724137931
0.16129032258064513
0.21052631578947367
1.0
0.3451508251153529
0.6376281516217733
0.26666666666666666
0.14285714285714285
1.0
0.4329927339545866
1.0
0.16129032258064513
1.0
0.9642857142857143
1.0
0.3333333333333333
0.1224564282529819
1.0
0.2845344879312607
0.2702702702702703
0.2857142857142857
0.2903225806451613
0.218710744553576
0.5595271833136639
0.24242424242424243
1.0
0.2692307692307693
0.6453266228690038
0.19230769230769232
0.2768365042534086
0.3243243243243244
1.0
0.95
0.24767939992862334
1.0
0.2
0.3521402367487576
0.8594048608885092
0.2777777777777778
0.044629616249138505
1.0
0.2790705304284124
0.7242775199742143
0.5909090909090909
0.22727272727272727
0.0588235294117647
1.0
0.2409444895402401
0.3409090909090909
0.8970033769865935
0.4090909090909091
0.07819827455270031
0.25583928471550316
0.5256970680877965
0.12121212121212123
0.5188247250562033
0.1460251468258884
1.0
0.25
0.11428571428571427
0.9285714285714286
0.34072534259373966
0.1891891891891892
1.0
0.8378536911197008
1.0
0.14285714285714285
0.7238699344287677
0.7023085968386354
0.9743589743589743
1.0
0.1763000619790016
0.7788007830714049
0.18181818181818182
0.16666666666666669
0.92
0.1763000619790016
0.9
0.9583333333333334
0.6740789608716401
1.0
1.0
0.11428571428571427
1.0
1.0
0.754031181696633
0.18181818181818182
0.19512195121951223
0.04445490301444585
0.4958258067269952
0.1153846153846154
0.7637440067243009
0.2777777777777778
1.0
1.0
1.0
0.16666666666666669
0.1750346638085895
0.24943061376301576
0.4090909090909091
0.16666666666666669
1.0
0.14557904983336048
0.388241882763772
0.2887705675761657
0.8333333333333334
0.03125
0.543480416888969
0.03995491325419223
0.175
1.0
0.029042456547920637
1.0
0.9642857142857143
0.3333333333333333
0.17857142857142858
0.36105447497861626
1.0
1.0
0.8987963494892562
1.0
0.3157894736842105
0.1481636441363436
0.9411764705882353
0.7889161716922352
0.08823529411764706
0.13479868923516647
0.9370225907844296
0.07894736842105263
0.1916229681851686
0.3888888888888889
0.8125
0.33252242132286536
0.11613921527084281
1.0
0.8461538461538461
0.14245555056035633
1.0
1.0
1.0
0.21600914765274834
0.10344827586206899
0.14786067936939323
0.6501499291430007
0.05041325323016525
0.9067237090342259
1.0
0.333368199306773
0.2619047619047619
0.3987420848653735
1.0
0.6996652681090024
0.2116204312226535
1.0
0.1156109188762825
0
0.09677419354838708
0.6594912660590949
1.0
0.10000000000000002
0.14285714285714285
0.030218319343197915
0.23684210526315785
0.96
1.0
0.09145195361833024
0.1714285714285714
0.20588235294117646
1.0
0.4827586206896552
0.346772075416164
0.9444444444444444
0.06666666666666667
0.20332173038063345
0.1795832240441766
1.0
1.0
0.5193297973147761
1.0
0.9354838709677419
0.24390243902439027
0.4180593901820374
0.09677419354838708
0.15530984148260896
0.08553735732496219
0.6666666666666666
0.5824333384381947
0.3333333333333333
1.0
0.9565217391304348
1.0
0.07134746549175147
0.08080389674006265
0.17857142857142858
0.44
0.05988473169707041
1.0
1.0
0.21621621621621626
0.13784513491033856
1.0
1.0
0.3404536797808546
0.8202693737465055
0.1153846153846154
0.9666666666666667
0.054615754448135524
0.3474774677339216
0.9583333333333334
0.11764705882352941
0.1875
0.9022184868822566
1.0
0.16511959995241554
0.75
0.6153846153846154
0.2506916972526663
0.13793103448275862
0.225
0.2806513247167519
0.49640450770383493
0.14285714285714285
0.23485326570336895
1.0
0.15
0.6666666666666666
0.8668778997501817
0.23333333333333334
0.9192232297295908
0.02802335896724546
1.0
1.0
1.0
0.22749237663660396
0.7053142063019994
0.9714285714285714
1.0
0.710514599591319
0.09838251226610328
0.1158386404894603
0.90625
0.3003995757204376
0.8565692838233655
0.23884377019126307
0.28866182263639106
0.08187307530779821
0.21040698011026845
0.8556308546589387
0.15
0.6922325177385671
0.2222222222222222
0.16653336247334327
0.10306964028140168
0.8709677419354839
0.6904785504771092
0.20588235294117646
0.11627906976744189
1.0
1.0
1.0
0.10553604389554512
0.3783783783783784
0.7102734351492538
0.6938144897722043
0.35476817468686295
1.0
0.2807847431199898
1.0
0.875
1.0
0.4
0.8055555555555556
0.4437653465768823
0.3333333333333333
0.7074036474040616
0.27634761653392426
0.23809523809523808
0.22622146607105326
0.25
1.0
0.8947368421052632
0.275
0.40526025778326935
0.04545454545454546
0.5745215998949103
0.13381535712974757
0.45728945856552883
0.9162995678882394
0.5130561643643056
0.15848342533402837
0.7686857682173651
0.36363636363636365
0.15
0.10829753386680736
0.2
0.24055151886365922
0.9230769230769231
0
0.11602230703635036
1.0
1.0
0.24428389471321574
1.0
0.4444444444444444
0.26666666666666666
0.2222222222222222
0.7660506606898846
0.2777777777777778
0.13215096337338264
0.9722222222222222
0.6677123092583838
1.0
0.25925925925925924
0.10344827586206899
0.3333333333333333
0.9111723099960218
0.11027830176593335
0.19230769230769232
0.42806302118317596
1.0
0.23809523809523808
0.1590909090909091
0.9740274534203012
1.0
0.35294117647058826
1.0
1.0
0.6736198825002403
0.186046511627907
1.0
0.9655172413793104
0.06367439214802292
1.0
0.1702127659574468
1.0
0.2327656949260057
0.25221023070520915
0.46215974478548916
1.0
0.037037037037037035
0.2853688273502142
0.2692307692307693
0.9642857142857143
1.0
1.0
1.0
0.1842105263157895
1.0
0.2755471557655919
0.12541781705461125
0.967741935483871
0.2887705675761657
0.10338385118275392
1.0
1.0
0.9636404443012863
0.2964712714606876
1.0
0.08823529411764706
0.26135618208836314
0.22997787572018374
0.25966489865738807
0.6595414762772626
0.9230769230769231
0.11111111111111109
0.84
1.0
0.1902087829805034
1.0
0.14705882352941177
0.2777777777777778
1.0
0.13479868923516647
0.6410499775216034
0.6406227706633193
1.0
0.11111111111111109
0.09677419354838708
0.12238541488923829
1.0
0.9370225907844296
0.3333333333333333
0.40625
1.0
0.25
1.0
0.2261973786435952
0.6908333234449594
0.8095238095238095
0.1332832181149491
0.25
0.3078102735927794
0.12121212121212123
1.0
0.15728971542713255
0.5333333333333333
0.8717948717948718
0.9761904761904762
0.8594048608885092
0
0.25
0.9090909090909091
0.28337602527658223
1.0
0.16512116293509532
0.10256410256410255
0.27865106522314026
1.0
1.0
0.21075573773993073
0.3666666666666667
0.6736198825002403
0.17647058823529413
0.2
0.2
1.0
0.07894736842105263
0.9722222222222222
0.1935483870967742
0.09767014678457508
0.29456977215437585
0.2042626200037517
0.9615384615384616
0.7144656914031582
1.0
0.4090909090909091
1.0
0.5106188922430991
0.3411734960883563
0.3181818181818182
0
0.188107049975692
0.14285714285714285
0.24
0.9310344827586207
1.0
0.13626589651700632
1.0
1.0
0.9
1.0
0.967741935483871
0.3888888888888889
1.0
0.30045029967187414
0.14285714285714285
0.8571428571428571
0.9509271642276244
0.8722746559595426
0.6541861470734839
0.12500000000000003
0.5882352941176471
0.0909090909090909
1.0
1.0
0.14814814814814814
0.3333333333333333
0.6204181500295767
0.21904044503658188
0.12262544902746582
0.175
1.0
0.20689655172413796
0.975
1.0
1.0
0.141080287481769
0.5066534749791285
0.6521739130434783
0.14248453076221212
1.0
0.9285714285714286
1.0
0.49393047248462374
0.06766764161830635
0.4583333333333333
0
1.0
0.057703310812752893
0.44944192927554477
0.15159143965003283
1.0
1.0
0.08321777092451989
0.15151515151515155
0.23001110365733082
0.6073461425135284
0.21052631578947367
0.7241379310344828
0.9274486888881961
0.16666666666666669
1.0
1.0
0.03078187448396205
0.10000000000000002
0.12195121951219512
1.0
0.19680129467243762
1.0
0.10526315789473682
0.3023255813953489
0.133456233819468
0.9722222222222222
0.5217391304347826
0.96875
0.11072886810268312
0.9285714285714286
0.02941176470588235
0.11332536170253711
0.9615384615384616
1.0
0.1724137931034483
0.9583333333333334
0.2952820109759023
1.0
0.4343513319799808
0.02702702702702703
0.9740274534203012
0.14285714285714285
0.44551168834777816
0.11942188509563156
0.09145195361833024
0.28496906152442425
0.9583333333333334
0.08986579282344431
1.0
0.2777777777777778
0.2574783073963373
0.972972972972973
0.04756147122503571
0.732691958308492
0.9259259259259259
0.23529411764705885
0.1794871794871795
0.9444444444444444
0.18181818181818182
0.4166666666666667
1.0
1.0
0.16129032258064513
0.46215974478548916
0.8084876781335084
0.2413793103448276
0.9207222356398337
1.0
1.0
1.0
1.0
1.0
0.3
0.20995292066975768
0.9666666666666667
1.0
1.0
0.1946867083315102
0.030303030303030304
1.0
0.9473684210526315
0.9310627797040228
0.5757575757575758
1.0
0.6594912660590949
0.09374999999999999
0.4423643180720138
0.18091582705474063
0.13267858181213854
0.05128205128205127
0.1388888888888889
0.8971967889869582
1.0
1.0
1.0
1.0
0.29411764705882354
0.49713295378576094
0.925961078642316
0.8616971198953189
0.35286608145884896
0.9200444146293233
0.15
1.0
1.0
0.24337524470981403
0.028491638576128988
1.0
0.13043478260869565
0.6578947368421053
1.0
0.14634146341463414
0.17391304347826086
0.7989300884348944
0.13030405040022058
0.9642857142857143
0.09374999999999999
0.3939059735608828
1.0
1.0
0.09374999999999999
0.19664332574139476
0.2798419802690044
0.25966489865738807
0.18384936353231368
0.3461538461538461
0.23076923076923078
0.12383969996431167
0.21052631578947367
0.4444444444444444
0.9534969548334766
0.18518518518518515
1.0
0.11363636363636362
1.0
0.05536443405134156
1.0
0.5686224934805938
1.0
1.0
0.3157894736842105
0.9375
0.06661656086653912
1.0
0.16129032258064513
0.9333333333333333
1.0
0.523178082213771
0.12232816253323056
0.9274486888881961
0.2773156305455514
0.03846153846153846
0.3053548683915197
0.275
0.75
0.12500000000000003
0.02738063611906245
0.04219149965278426
0.650274618277865
0.8824969025845955
0.3845764923207905
0.59375
0.06664160905747456
0.3309363384692233
0.2631578947368421
0.07999999999999999
0.1794871794871795
1.0
0.6894613215265791
0.9130434782608695
0.2
0.23618327637050734
0.12113791079679323
0.028716309633808675
0.18764943517745497
0.12473426467088237
0.2995987831630854
1.0
1.0
0.5193297973147761
0.13953488372093023
0.25
0.9090909090909091
0.542540963929599
1.0
1.0
0.2682926829268293
0.6065306597126334
0.2773156305455514
1.0
0.2222222222222222
1.0
0.7165313105737893
0.08108108108108107
0.19554873983667723
0.9428571428571428
0.9285714285714286
1.0
0.5924877571866912
0.060238842382440407
0.19047619047619047
1.0
0.9746849137081522
1.0
0.6501584248126363
0.02702702702702703
1.0
1.0
1.0
1.0
0.8987963494892562
0.3246987295988261
1.0
0.10526315789473682
0.11655753798975074
1.0
0.9545454545454546
0.1448116195420376
0.9607894391523232
1.0
0.34967261396925226
1.0
1.0
0.8043409654538722
0.798516218759377
1.0
0.2727272727272727
0.846481724890614
0.9444444444444444
1.0
1.0
1.0
0.7916666666666666
1.0
0.15625
0.08823529411764706
0.17857142857142858
0.15625
0.12903225806451615
0.9221189220143736
0.7586206896551724
1.0
0.9696969696969697
0.21765719436348557
0.1809771728568426
0.10270758704647535
0.10256410256410255
0.3479930676500327
0.029709431285733553
0.567091345526364
0.189489299562541
0.2903225806451613
0.9310627797040228
0.6863042908252108
0.9059321110346906
0.7079115323544527
0.10526315789473682
0.8392907749704959
0.20588235294117646
0.12801949525862993
0.2222222222222222
1.0
0.33561406395824783
1.0
0.9615384615384616
1.0
0.9428571428571428
0.1724137931034483
0.6978003435699084
0.18598484357316405
0.6353672702550464
0.40936537653899097
1.0
0.24
0.5454545454545454
1.0
0.8837209302325582
0.96875
0.1875
0.16129032258064513
0.6743949274217548
0.12570789449273523
0.15328310048810098
0.5
0.9389446958989583
0.2852102848863129
0.9375
0.18181818181818182
0.08214190835718736
0.2698454677128199
1.0
0.8857142857142857
1.0
0.19703642367771212
0.9655172413793104
1.0
1.0
0.8851915475249605
0.38095238095238093
1.0
0.03846153846153846
0.7777777777777778
0.9736842105263158
0.2222222222222222
0.8150176948166802
0.23684210526315785
0.3103448275862069
0.21513071314581306
0.02763401067649614
0.28205452092228517
1.0
0.1838603401638811
1.0
1.0
0.8594048608885092
0.375
0.054054054054054064
1.0
0.9210526315789473
0.75
0.25925925925925924
0.18321292103491182
0.13997509964446217
0.23809523809523808
1.0
0.967741935483871
0.8594048608885092
0.36924653855465434
1.0
0.3571428571428572
0.18229800079453223
1.0
1.0
1.0
0.10976232721880529
0.45701110424710956
0.9428731438548749
0.1564389918693418
1.0
0.9333333333333333
0.24175686828705295
0.15987700186390624
0.9583333333333334
0.06204181500295768
0.7158007827316176
1.0
0.19230769230769232
0.1875
0.2256436167378281
0.9370225907844296
0.12195121951219512
0.36
0.68
0.6
1.0
0.8071177470053894
1.0
0.18710139700632356
0.07999999999999999
0.8661631003332932
0.14477849635383994
0.11111111111111109
0.4519798647936632
0.9642857142857143
0.1833354385994853
0.972972972972973
0.2
0.13636363636363635
1.0
0.6530139933444014
0.03333333333333333
0.044535153580398404
0.21646581973255072
1.0
1.0
0.13157894736842102
1.0
0.2848914123654615
0.72
0.8574039191604413
0.9354838709677419
0.18823937400258642
0.6356646365556511
0.8886176221906066
0.17391304347826086
1.0
0.016804417743388415
0.0975609756097561
0.92
0.19840104791571372
1.0
0.4357491238985558
1.0
1.0
0.10391535835426294
0.17317265578604057
0.19215788783046464
1.0
1.0
0.9
0.9455876860853387
1.0
0.17647058823529413
0.22418687173796367
1.0
1.0
0.9655172413793104
0.14936862630231845
0.11847987712695618
1.0
0.2558139534883721
0.9523809523809523
1.0
0
0.19520297790712807
1.0
0.3580137788769179
0.10526315789473682
0.577033108127529
1.0
1.0
0.28125
1.0
0.12903225806451615
0.45454545454545453
1.0
0.016530115040577966
0.12261725953122815
0.08823529411764706
0.3499999999999999
0.14705882352941177
0.14285714285714285
1.0
0.5270331932272667
0.762889396110506
0.08808601121483918
0.770249546621048
0.16666666666666669
0.17857142857142858
0.6936042968508961
1.0
0.28205128205128205
1.0
0.1750346638085895
0.11496232536607573
0.9090909090909091
0.9032258064516129
0.22472096463777239
0.5263157894736842
0.23076923076923078
1.0
0.10883133036985564
1.0
0.24705939288390633
0.47058823529411764
0.7372127183371567
1.0
0.13333333333333333
0.7686857682173651
0.7354140854871629
0.253496558602465
0.8055611076677214
0.09799524229446188
0.6063169210359672
0.10000000000000002
1.0
0.21874999999999997
1.0
0.76
1.0
0.9393939393939394
0.10000000000000002
0.10869565217391305
0.27586206896551724
0.12500000000000003
1.0
0.16579423251462216
1.0
0.3037205307847337
0.40421619372189527
1.0
1.0
0.3110213956349434
0.8561064820506427
0.7165313105737893
0.909156442876713
0.4988612275260315
0.8987963494892562
0.9354838709677419
1.0
0.9655172413793104
0.7333333333333333
1.0
0.46153846153846156
1.0
1.0
0.7013541807185699
0.49640450770383493
1.0
0.800737402916808
0.48954165955695317
1.0
0.96875
0.967741935483871
0.8611111111111112
0.878478349619887
0.07793883945810896
0.06896551724137931
0.15151515151515155
0.13333333333333333
0.021071921754638193
0.10238187520788479
0.10000000000000002
0.3650089622797917
0.7165313105737893
0.11808077680346257
1.0
0.403835081563555
0.9375
1.0
0.0986387855766426
0.34285714285714286
0.8636363636363636
1.0
1.0
1.0
0.20560546806952085
0.38461538461538464
1.0
0.7926095257344467
0.11082286928266862
1.0
0.296747561866599
0.6794368625711146
0.19888550145343317
1.0
0.9718328750329812
0.31929135721817664
1.0
0.21052631578947367
0.13946121074939483
0.12500000000000003
0.9583333333333334
1.0
0.24
0.09374999999999999
0.45454545454545453
0.9496929928438407
0.8451260214357935
1.0
0.47063235911320933
0.2
0.2579889022095307
0.21311503815782168
0.22062422564614886
0
1.0
0.07646932189701977
0.6973573791013219
1.0
1.0
0.7097395956891256
0.19047619047619047
1.0
0.9393939393939394
0.967741935483871
1.0
0.6453266228690038
0.9473684210526315
1.0
1.0
1.0
0.041448558128655534
0.3327787566546617
0.25
0.5455718762067627
0.2
0.19230769230769232
0.10375999533093261
0.96
0.16464349082820792
0.9310344827586207
0.009366436678342195
1.0
1.0
0.8594048608885092
0.9200444146293233
1.0
0.9333333333333333
0.21739130434782608
0.06896551724137931
0.2
0.21951219512195122
0.05128205128205127
0.8626877210398122
1.0
1.0
1.0
0.13157894736842102
0.21052631578947367
0.3297707381386313
0.30953430196439335
0.19103717571819578
1.0
0.8300069580078757
0.04732304225161548
0.6687625565355366
0.06666666666666667
1.0
1.0
0.9545534610465889
0.4634146341463415
0.23076923076923078
0.730125734129442
0.9375
0.18385352137179073
1.0
0.20543217159135652
0.23199470517025758
1.0
1.0
0.9185708950543291
1.0
0.6825942369582426
0.11548152008320847
0.7914497715327151
1.0
0.23333333333333334
1.0
0.09564422274326599
0.5833333333333334
0.05555555555555554
1.0
0.09931706075828191
0.0909090909090909
1.0
0.30045029967187414
1.0
0.26141365334652866
0.21366855927409611
0.16386943811782897
0.9333333333333333
0.30959924991077925
0.8594048608885092
1.0
0.14285714285714285
0.942457241445601
0.1213061319425267
1.0
0.3043478260869566
0.07793883945810896
0.0991689600659688
0.6393319911825085
0.215092290237396
0.85
0.8260869565217391
