0.9651041030883789
0.6566176414489746
0.9654651284217834
0.7371357679367065
0.35049203038215637
0.8531897068023682
0.9927878379821777
0.9688610434532166
0.7392149567604065
0.96052086353302
0.9643931984901428
0.3365940749645233
0.21377453207969666
0.9648047685623169
0.6733522415161133
0.1990353763103485
0.961175799369812
0.5794341564178467
0.6824325323104858
0.9266154766082764
0.32675421237945557
0.43352511525154114
0.19151857495307922
0.574769914150238
0.9529658555984497
0.7276008129119873
0.5659807920455933
0.2350465953350067
0.29356732964515686
0.13065966963768005
0.9880794286727905
0.29489243030548096
0.8696200847625732
0.31792885065078735
0.7091551423072815
0.2052241712808609
0.21447865664958954
0.3902091681957245
0.979345977306366
0.8458675742149353
0.8570663928985596
0.8350590467453003
0.14400333166122437
0.4556558132171631
0.3000810742378235
0.1756725311279297
0.9948724508285522
0.525009036064148
0.8555500507354736
0.9187065958976746
0.575593113899231
0.32150787115097046
0.5299692153930664
0.37323835492134094
0.9873245358467102
0.1893489956855774
0.7307193279266357
0.99962317943573
0.9466463327407837
0.1326066106557846
0.9701046347618103
0.9832733869552612
0.6097694635391235
0.9528293013572693
0.5486143827438354
0.5388209819793701
0.25773751735687256
0.3585154116153717
0.6936943531036377
0.4088262915611267
0.41615229845046997
0.9757158756256104
0.9858334064483643
0.27401769161224365
0.9599286317825317
0.7064737677574158
0.9413504600524902
0.18946465849876404
0.36572471261024475
0.8136622905731201
0.9512754082679749
0.9145337343215942
0.9692662954330444
0.9234129786491394
0.30949240922927856
0.29013198614120483
0.512860119342804
0.6493467092514038
0.32906395196914673
0.992615818977356
0.9387138485908508
0.34416472911834717
0.3547908067703247
0.9673726558685303
0.8144586086273193
0.9732422828674316
0.4243044853210449
0.44091761112213135
0.9921935796737671
0.5838292837142944
0.974622368812561
0.19189083576202393
0.949721097946167
0.2469167858362198
0.24170738458633423
0.10762561857700348
0.984146237373352
0.8916944265365601
0.9810264110565186
0.6099640727043152
0.972428023815155
0.6171529293060303
0.9743503928184509
0.2268805354833603
1.005667805671692
0.9644280672073364
0.4452780485153198
0.4109606146812439
0.301271915435791
0.6856726408004761
0.3487357795238495
0.527503252029419
0.27011382579803467
0.9940769672393799
0.600337028503418
0.423065721988678
0.4395570755004883
0.2368048131465912
0.415025532245636
0.9791441559791565
0.9703784584999084
0.45073381066322327
0.5336261987686157
0.5442245006561279
0.793522834777832
0.9869112372398376
0.2312265783548355
0.9929405450820923
0.5253061056137085
0.5160890817642212
0.8489487767219543
0.6222088932991028
0.9812779426574707
0.9756584167480469
0.13610133528709412
0.2583693861961365
0.49767231941223145
0.2017219513654709
0.23850059509277344
0.9011144042015076
0.42887353897094727
0.29334601759910583
0.9807037115097046
0.3689650595188141
0.4169864058494568
0.9083748459815979
0.1901315450668335
0.4067791998386383
0.3403884470462799
0.18181660771369934
0.6312671899795532
0.33297276496887207
0.9471993446350098
0.23667030036449432
0.4085303544998169
0.3732827305793762
0.3701764643192291
0.9661515355110168
0.27992621064186096
0.326873779296875
0.2660631835460663
0.6394686698913574
0.5071083307266235
0.6486889123916626
0.33827143907546997
0.3582116663455963
0.9744744300842285
0.8028357625007629
0.9822544455528259
0.2598341405391693
0.24563127756118774
0.5466653108596802
0.1729321926832199
0.25039142370224
0.33541566133499146
0.5745147466659546
0.42716318368911743
0.27877700328826904
0.43032050132751465
0.48158589005470276
0.9567597508430481
0.9539322853088379
0.7349467277526855
0.9630491733551025
0.778533399105072
0.9928449392318726
0.9558223485946655
0.41620707511901855
0.9934118986129761
0.5883710384368896
0.479789674282074
0.31925538182258606
0.999155580997467
0.28092160820961
0.4188774526119232
0.6781692504882812
0.963528573513031
0.7086210250854492
0.9172958135604858
0.9741824865341187
0.32633739709854126
0.3707200884819031
0.6330801248550415
0.17774441838264465
0.3269094228744507
0.24603547155857086
0.13525502383708954
0.33945614099502563
0.2952570915222168
0.7741039991378784
0.2896444797515869
0.30630287528038025
0.48529306054115295
0.9069123864173889
1.0260982513427734
0.37503570318222046
0.9642022848129272
0.8020356893539429
0.45042145252227783
0.9748790264129639
0.9320567846298218
0.6270649433135986
0.8757978677749634
0.9759657382965088
0.4440343379974365
0.9503577947616577
0.9480064511299133
0.9868686199188232
0.35785073041915894
0.9765422940254211
0.4544822871685028
0.5051212310791016
0.5155438780784607
0.4386274516582489
0.9689445495605469
0.9757158756256104
0.5867915153503418
0.2298451066017151
0.5954785346984863
0.2437572032213211
0.32462507486343384
0.9718895554542542
0.26933741569519043
0.34028181433677673
0.5260907411575317
0.7991639971733093
0.33674728870391846
0.9743834733963013
0.25854185223579407
0.34756332635879517
0.9546828269958496
0.9175328612327576
0.9417248964309692
0.3899005055427551
0.34247490763664246
0.3045036494731903
0.9600626230239868
0.2873709201812744
0.5372104644775391
0.3301108479499817
0.8551903963088989
0.8932406306266785
0.4621877670288086
0.9222851991653442
1.0093462467193604
0.30604201555252075
0.9558120965957642
0.2859833836555481
0.9841676950454712
0.23781347274780273
0.42110583186149597
0.9414142370223999
0.974165678024292
0.961651086807251
0.5767457485198975
0.7262771725654602
0.7314514517784119
0.3205835223197937
0.9581938982009888
0.4774287939071655
0.9844839572906494
0.6838260889053345
0.2847328186035156
0.39027994871139526
0.24101370573043823
0.9086582660675049
0.2518537640571594
0.9965164065361023
0.23684507608413696
0.25654447078704834
1.00199556350708
0.4340306222438812
0.360268235206604
0.968410849571228
0.9940589666366577
0.997921347618103
0.38987159729003906
0.9763372540473938
0.597244381904602
0.8499215245246887
0.4465779662132263
0.27987241744995117
0.9528720378875732
0.4515664279460907
0.2700745463371277
0.37181350588798523
0.31750380992889404
0.2406262755393982
0.9437251091003418
0.21146875619888306
0.7772290706634521
0.12399578094482422
0.2502952516078949
0.9127044677734375
0.2852742075920105
0.9658476114273071
0.32939422130584717
0.3496052920818329
0.9700784683227539
0.26983630657196045
0.9419485330581665
0.6715074777603149
0.9345831274986267
0.8944498896598816
0.8028050661087036
0.9781193733215332
0.9557211399078369
0.9796059131622314
0.4156361222267151
0.6369993686676025
0.9582338929176331
0.4071064293384552
0.29472464323043823
0.9700469374656677
0.3058508038520813
0.20792743563652039
0.6856149435043335
0.8912484645843506
0.9801830649375916
0.3363659381866455
0.2997067868709564
0.8893006443977356
0.8782057762145996
0.6773895025253296
0.130654975771904
0.9491385221481323
0.6790289878845215
0.48222923278808594
0.30217245221138
0.23118101060390472
0.3421066999435425
0.7682530879974365
0.9913282990455627
0.49515819549560547
0.8038291931152344
0.9958010911941528
0.9517247676849365
0.43127745389938354
0.9954357147216797
0.6844241619110107
0.34904396533966064
0.42804744839668274
0.9719929695129395
0.33515021204948425
0.9636043310165405
0.4618590474128723
0.8496200442314148
0.9664851427078247
0.18080060184001923
0.9750642776489258
1.0141510963439941
0.7972960472106934
0.7644460201263428
0.2607913017272949
0.6068053245544434
0.9673261642456055
0.3672323226928711
0.3893791735172272
0.6672712564468384
0.38119977712631226
0.9952969551086426
0.9125434160232544
0.958288311958313
0.6076757311820984
0.9836418032646179
0.2276919037103653
0.6812912225723267
0.3142867088317871
0.4082452952861786
0.8770511150360107
0.24048501253128052
0.3151285648345947
0.2879091501235962
0.9733339548110962
0.2253434658050537
0.8028357625007629
0.41752785444259644
0.6617109775543213
0.38695889711380005
0.352344274520874
0.9610299468040466
0.9678317308425903
0.33908355236053467
0.3405655324459076
0.2766905725002289
0.4363126754760742
0.9928259253501892
0.9704129695892334
0.13705995678901672
0.9693711996078491
0.26686573028564453
0.3326169550418854
0.368131160736084
1.0069788694381714
0.31269508600234985
0.8938452005386353
0.3480250835418701
0.2575845718383789
0.8944899439811707
0.3355191648006439
0.9540097713470459
0.23503270745277405
0.24546204507350922
0.9056565761566162
0.2347027063369751
0.2250429093837738
1.0156794786453247
0.9993006587028503
0.6643589735031128
0.23092980682849884
0.9871653318405151
0.5339360237121582
0.9662803411483765
0.30260610580444336
0.9097267985343933
0.9651401042938232
0.8519980311393738
0.9522459506988525
0.30326271057128906
0.9807046055793762
0.3724156618118286
0.30229681730270386
0.319592148065567
0.6692686676979065
0.9764478206634521
0.3355991244316101
0.9571731090545654
0.42443329095840454
0.7699093818664551
0.30464839935302734
0.3966902494430542
0.33713778853416443
0.3553850054740906
0.41951847076416016
0.7062209844589233
0.9769253730773926
0.13998204469680786
0.6534950137138367
0.827695369720459
0.9422522783279419
0.9934635162353516
0.3820973336696625
0.7799288034439087
0.6251124143600464
0.9401072263717651
0.4107886552810669
0.4643070697784424
0.23574712872505188
0.20924848318099976
0.3200400471687317
0.7761027216911316
0.19868989288806915
0.802661120891571
0.9837968349456787
0.7426221370697021
0.9497092366218567
0.9574747085571289
0.47267216444015503
0.3372466266155243
0.7117970585823059
0.30206871032714844
0.7970117330551147
0.5151983499526978
0.9779202938079834
0.9924484491348267
0.9558120965957642
0.2247261106967926
0.24080373346805573
0.3690780997276306
0.464258074760437
0.4465050995349884
0.4749380946159363
0.585387110710144
0.330424040555954
0.343295693397522
0.5553197860717773
0.8651182651519775
0.3284255862236023
0.9827286005020142
0.9478415250778198
0.3125109076499939
0.8069946765899658
0.2242441475391388
0.36767762899398804
0.9703784584999084
0.9837260842323303
0.8429346084594727
0.3752628564834595
0.9635216593742371
0.5804339051246643
0.2217978835105896
0.6031112670898438
0.3966600000858307
0.9683471918106079
0.5004678964614868
0.9827996492385864
0.3535784184932709
0.23643678426742554
0.9746680855751038
0.9585087895393372
0.9278572201728821
0.8495740294456482
0.9638043642044067
0.3080783486366272
0.28898775577545166
0.5376434326171875
0.9555355310440063
0.6186290979385376
0.27681487798690796
0.9819638729095459
0.6197295784950256
0.6539331078529358
0.5163242816925049
0.3195684552192688
0.6094475984573364
0.2382938265800476
0.2708093822002411
0.9459964632987976
0.8081992864608765
0.6819432973861694
0.819368839263916
0.3903522491455078
0.3264905512332916
0.49871641397476196
0.8144586086273193
0.9679046869277954
0.9882262945175171
0.6165340542793274
0.8152695298194885
0.4287651777267456
0.9473035931587219
0.3852531909942627
0.13621436059474945
0.8349514007568359
0.9740418195724487
0.564020574092865
0.9287948608398438
0.38003402948379517
0.9473050832748413
0.5244560241699219
0.08553515374660492
0.3459198474884033
0.381803035736084
0.9934118986129761
0.9678317308425903
0.9566981792449951
0.4583616852760315
0.1984122097492218
0.9031767249107361
0.8523269295692444
0.30126509070396423
0.5157886743545532
0.9825364351272583
0.8689684867858887
0.56361323595047
0.7009049654006958
1.0169790983200073
0.49019333720207214
0.8507838249206543
0.6300647854804993
0.8679935932159424
0.1384591907262802
0.5005606412887573
0.2520264685153961
0.28898191452026367
0.9949437379837036
0.6066836714744568
0.31235015392303467
0.7220116853713989
0.4560578763484955
0.33225780725479126
0.9720706939697266
0.3684050738811493
0.21080142259597778
0.9712369441986084
0.9790743589401245
0.6980884075164795
0.725949764251709
0.44971829652786255
0.1554715633392334
0.31934982538223267
0.7518661022186279
0.9939311742782593
0.23563502728939056
0.9561024904251099
0.3678555488586426
0.9765110015869141
0.19960147142410278
0.22646895051002502
0.9747211933135986
0.2913985252380371
0.5707035660743713
0.9759999513626099
0.6199942827224731
0.4132169783115387
0.9637717008590698
0.9762914180755615
0.5858684778213501
0.289264440536499
0.4352087378501892
0.828485369682312
0.9801830649375916
0.4045830965042114
0.42626845836639404
0.46056172251701355
0.6047387719154358
0.6958569288253784
0.4273369312286377
0.3621028661727905
0.9738476872444153
0.4307640790939331
0.997184693813324
0.9617674350738525
0.5698239207267761
0.6819137334823608
0.3817618787288666
0.6198662519454956
0.30229368805885315
0.5338178873062134
0.9159905910491943
0.5323761701583862
0.7534862756729126
0.9894275665283203
0.49713611602783203
0.9624509811401367
0.9682037234306335
0.3453908860683441
0.8590835332870483
0.7066524028778076
0.96241295337677
0.40201011300086975
0.252726674079895
0.9749813675880432
0.6984334588050842
0.21726363897323608
0.24782618880271912
0.3719358444213867
0.22261092066764832
0.20689254999160767
0.3558453917503357
0.9511860609054565
0.9795891642570496
0.21056854724884033
0.19324833154678345
0.16363587975502014
0.2545607089996338
0.2702297270298004
0.45035821199417114
0.7168349027633667
0.24861422181129456
0.2834896743297577
0.45672857761383057
0.7848801612854004
0.9809994101524353
0.9437578916549683
0.9088790416717529
0.27313515543937683
0.5205618143081665
0.2732240855693817
0.27422448992729187
0.9701118469238281
0.9740610718727112
0.6529830694198608
0.4733074903488159
0.157156839966774
0.9420768022537231
0.8608278036117554
0.30361196398735046
0.37031805515289307
0.7684198617935181
0.8507157564163208
0.392986536026001
0.39578187465667725
0.9738670587539673
0.8822733163833618
0.778498649597168
0.6025261282920837
0.9598252773284912
0.17006413638591766
0.9876124858856201
0.21877418458461761
0.9758559465408325
0.6819517612457275
0.7280262112617493
0.6779226064682007
0.2649926543235779
0.9531041383743286
0.30817973613739014
0.34485405683517456
0.994297981262207
0.9694384336471558
0.4190344512462616
0.969245433807373
0.1961318850517273
0.9832733869552612
0.23528333008289337
0.5871602296829224
0.27466750144958496
0.3206591010093689
0.3434301018714905
0.28509703278541565
0.8203595876693726
0.9989602565765381
0.9893078207969666
0.9647563695907593
0.23006471991539001
0.37588852643966675
0.9813073873519897
1.016061544418335
0.47589027881622314
0.3694974184036255
0.9743839502334595
0.31412291526794434
0.9995859861373901
0.8091050386428833
0.3189842998981476
0.9182717800140381
0.9998420476913452
0.3251665234565735
0.8832107186317444
1.0013636350631714
0.2808692157268524
0.9643259644508362
0.32942259311676025
0.28595346212387085
0.9023492336273193
0.744326651096344
0.4700824022293091
0.20147597789764404
0.20391836762428284
0.996741533279419
0.8852728605270386
0.7974616289138794
0.9631406664848328
0.9457598924636841
0.9906193017959595
0.2124929130077362
0.9944447875022888
0.979814350605011
0.9320567846298218
0.9774298667907715
0.7254760265350342
0.3829396963119507
0.23210948705673218
0.4571778178215027
0.43666285276412964
0.9453836679458618
0.30512213706970215
0.2978471517562866
0.30456289649009705
0.5782920122146606
1.000737190246582
0.9976773262023926
0.2785440683364868
0.4208056926727295
0.3594207763671875
0.39489567279815674
0.27247923612594604
0.2561265826225281
0.48962870240211487
0.7974813580513
0.3373281955718994
0.7740638256072998
0.32936227321624756
0.9507306814193726
0.38464343547821045
0.30141481757164
0.36783647537231445
0.36310455203056335
0.7761294841766357
0.4544822871685028
0.2399883270263672
0.4095115661621094
0.30959945917129517
0.5630207061767578
0.9513589143753052
0.4985586702823639
0.9019469618797302
0.2865343689918518
0.9565003514289856
0.7099553346633911
0.24343809485435486
0.2416296899318695
1.0126698017120361
0.3249443769454956
0.2610047459602356
0.285934180021286
0.415911465883255
0.2744923233985901
1.0022648572921753
0.18504706025123596
0.254680335521698
0.9829865097999573
0.21420946717262268
0.9076286554336548
0.8426724076271057
0.19718773663043976
0.3565530478954315
0.8036583662033081
0.8284459114074707
0.9138012528419495
0.973669171333313
0.6738406419754028
0.40152138471603394
0.2258119434118271
0.2911601662635803
0.35648712515830994
0.9750211238861084
0.9868668913841248
0.3901933431625366
0.9646835327148438
0.3152976632118225
0.25950363278388977
0.4199177026748657
0.9864137172698975
0.9767429828643799
0.31052908301353455
0.982266366481781
0.25602424144744873
0.47567272186279297
0.3374679684638977
0.1293448507785797
0.5203587412834167
0.976945161819458
0.616118311882019
0.6166657209396362
0.1569952517747879
0.9954512119293213
0.9953848719596863
0.30286112427711487
0.9729682207107544
0.9804884791374207
0.9960976839065552
0.6462646126747131
0.30339449644088745
0.36326926946640015
0.9738438129425049
0.9739788174629211
0.5814061760902405
0.9453459978103638
0.9725466966629028
0.3597431778907776
0.3382483720779419
0.9643814563751221
0.950308620929718
0.9721972942352295
0.7090902924537659
0.9675586819648743
1.002392292022705
0.43292099237442017
0.6518436670303345
0.5130086541175842
0.23867470026016235
0.7382194399833679
0.8255608081817627
0.9624667167663574
0.2206641286611557
0.3126608729362488
0.9804739356040955
0.2427576184272766
0.34978461265563965
0.3753751516342163
0.839557945728302
0.5437520146369934
0.982915461063385
0.49054771661758423
0.7241091728210449
0.3687855899333954
0.5561274290084839
0.9592901468276978
0.9885601997375488
0.2452123463153839
0.8953186869621277
0.9782151579856873
0.1791207641363144
0.9769080877304077
0.9681710004806519
0.24189217388629913
0.9960702657699585
0.9911378622055054
0.23859378695487976
0.8597192764282227
0.43616342544555664
0.9751537442207336
0.3200274109840393
0.20864975452423096
0.7009379267692566
0.3079950213432312
0.30606943368911743
0.3736238479614258
0.9528484344482422
0.36451345682144165
0.8137474060058594
0.5909737944602966
0.9671025276184082
0.8859310150146484
0.31331294775009155
0.15075525641441345
0.977194607257843
0.7645752429962158
0.4373985826969147
0.31028735637664795
0.3323971629142761
0.31524378061294556
0.2946333885192871
0.9674128890037537
0.7337692379951477
0.17756451666355133
0.3042895197868347
0.9755115509033203
0.29227378964424133
0.2064245194196701
0.3646469712257385
0.8881937265396118
0.9733909368515015
0.9744808673858643
0.8279094696044922
0.9807562828063965
0.4618661403656006
0.9745691418647766
0.3006558418273926
1.0026061534881592
0.9666880369186401
0.7763324975967407
0.5807653665542603
0.3292417526245117
0.16060101985931396
0.33035802841186523
0.9650106430053711
0.9620500802993774
0.9896175861358643
0.751822292804718
0.24148717522621155
0.5424022078514099
0.7203964591026306
0.9720675945281982
0.34058529138565063
0.205581933259964
0.3229047954082489
0.9041610956192017
0.9595374464988708
0.4963298738002777
0.19971963763237
0.23222976922988892
0.3218354880809784
0.30770087242126465
0.35453295707702637
0.3973369002342224
0.2640538215637207
0.6292110681533813
0.9735791683197021
0.3590940833091736
0.9114178419113159
0.6763927936553955
0.9674683809280396
0.9723063707351685
0.7145586013793945
0.9917381405830383
0.9512128829956055
0.9792416095733643
0.4553239941596985
0.38969841599464417
0.334406316280365
0.45991843938827515
0.3449018597602844
0.9735844135284424
0.9750556349754333
0.9285833835601807
0.9647563695907593
0.968635618686676
0.4005531668663025
0.9608765244483948
0.30728331208229065
0.1830369234085083
0.5702342987060547
0.9488618969917297
0.9335764646530151
0.45703861117362976
0.30024662613868713
0.2767370939254761
0.4704785943031311
0.861496090888977
0.7059922218322754
0.9773154258728027
0.21518132090568542
0.9906158447265625
0.9605321884155273
0.26604145765304565
0.2590513825416565
0.9617674350738525
0.3183632791042328
0.9750555753707886
0.2895333766937256
0.39045166969299316
0.9031767249107361
0.7229090332984924
0.6434502601623535
0.9857469797134399
0.8539747595787048
0.6391669511795044
0.9756410121917725
0.4105888605117798
0.28388065099716187
0.41855454444885254
0.23895466327667236
0.32053929567337036
0.9934398531913757
0.28563234210014343
0.9887720346450806
0.7686328887939453
0.3298300504684448
0.2985137701034546
0.3053078353404999
0.9024354219436646
0.9719090461730957
0.6008243560791016
0.15450000762939453
0.35492682456970215
0.28917810320854187
0.5547343492507935
0.8552912473678589
0.9275804758071899
0.3075580298900604
0.7695285081863403
0.3907700777053833
0.9814374446868896
0.2173190414905548
0.5947405099868774
0.5301367044448853
0.965664803981781
0.3490227460861206
0.9109926819801331
0.22197440266609192
0.6458457112312317
0.8437730669975281
0.4472649097442627
0.8549022674560547
0.9601080417633057
0.9477600455284119
0.2175253927707672
0.2739100456237793
0.8983992338180542
0.3403806686401367
0.4648211598396301
0.36647486686706543
0.8984284996986389
0.5602667927742004
0.9051504135131836
0.5363181829452515
0.2768406867980957
0.9179947376251221
0.5192934274673462
0.4426015317440033
0.3259624242782593
0.3870562016963959
0.5004790425300598
0.3736972510814667
0.2848960757255554
0.258755624294281
0.35154634714126587
0.35766974091529846
0.1924094408750534
0.9731255173683167
0.8380217552185059
0.9806960821151733
0.2853047549724579
0.32548201084136963
0.9878078103065491
0.20996016263961792
0.3619194030761719
0.8937941789627075
0.9840244054794312
0.7206113338470459
0.351001501083374
0.25326019525527954
0.9967654347419739
0.9783397912979126
0.9404914379119873
0.3263661563396454
0.9758574366569519
0.30436617136001587
0.9447913765907288
0.9830588102340698
0.9089020490646362
0.3866302967071533
0.2385181486606598
0.9755170941352844
0.9839112162590027
0.6280753016471863
0.25747084617614746
0.37622278928756714
0.6302652955055237
1.0006606578826904
0.8395213484764099
0.9966979026794434
0.9652578830718994
0.3825511336326599
0.23709656298160553
0.976487398147583
0.6812912225723267
0.22423037886619568
0.40445035696029663
0.9577683210372925
0.484164834022522
0.38924697041511536
0.2175615280866623
0.9579024314880371
0.3840863108634949
0.7378063201904297
0.9957375526428223
0.7277371287345886
0.18254223465919495
0.8685696721076965
0.39619874954223633
0.36490851640701294
0.14931145310401917
0.6029899716377258
0.20529498159885406
0.3995203673839569
0.9690967798233032
0.9915461540222168
0.9544727206230164
0.9327110052108765
0.29600897431373596
0.9841525554656982
0.8420183658599854
0.2573103904724121
0.40213653445243835
0.26480621099472046
0.2543785572052002
0.3675708472728729
0.9788001179695129
0.4153962731361389
0.9815776944160461
0.9233241677284241
0.9500700235366821
0.8537858724594116
0.43060415983200073
0.8104285597801208
0.5629081726074219
0.8954083919525146
0.2586076259613037
0.9654744863510132
0.49023622274398804
0.4986644983291626
0.8348878026008606
0.498600035905838
0.35066261887550354
0.9358106255531311
0.9624667167663574
0.12921501696109772
0.3179733455181122
0.4261130094528198
0.970637857913971
0.2795747220516205
0.6108641624450684
0.9901483058929443
0.9988000988960266
0.8763482570648193
0.34618324041366577
0.35999295115470886
0.6212270259857178
0.9784989356994629
0.3448370695114136
0.3229140639305115
0.389239102602005
0.8483180999755859
0.24106505513191223
0.8782044649124146
0.8062453866004944
0.2944711148738861
0.9675065279006958
0.6209440231323242
0.9795570373535156
0.9753773212432861
0.9585925340652466
0.5390836000442505
0.9826972484588623
0.9787200093269348
0.2818288803100586
0.999036431312561
0.5393273234367371
0.4688507616519928
0.5506629347801208
0.4820231795310974
0.9909569621086121
0.325122594833374
0.701655924320221
0.5890392065048218
0.4615367352962494
0.331440806388855
0.9732638001441956
0.6035428047180176
0.5988320112228394
0.8000721335411072
0.9962494969367981
0.6869291067123413
0.3021084666252136
0.9696580767631531
0.9619274139404297
0.9615018367767334
0.27256256341934204
0.2181626856327057
0.5875722169876099
0.9785531759262085
0.9746471047401428
0.9696740508079529
0.9775954484939575
0.5232275724411011
0.32638728618621826
0.9968308210372925
0.9763877987861633
0.60355144739151
0.3739200234413147
0.7032675743103027
0.9807612299919128
0.9912439584732056
0.6844221353530884
0.9793062210083008
0.6763275861740112
0.9136310815811157
0.3660072088241577
0.9199527502059937
0.26787951588630676
0.9966741800308228
0.31490641832351685
0.3111492395401001
0.5069364309310913
0.9144574403762817
0.9437578916549683
0.8171878457069397
0.7800126075744629
0.4593740701675415
0.22816796600818634
0.2079671323299408
0.26686421036720276
0.8802987337112427
0.9816027283668518
0.2233574092388153
0.22425039112567902
0.7157248854637146
0.5593020915985107
0.6529973745346069
0.16448968648910522
0.9652463793754578
0.2597042918205261
0.2371317446231842
0.6120872497558594
0.5815621018409729
0.34296825528144836
0.44468462467193604
0.9582465887069702
0.47361910343170166
0.9901978373527527
0.3451845049858093
0.9631261825561523
0.9703331589698792
0.27360063791275024
0.9676287174224854
0.9848215579986572
0.251255065202713
0.28771352767944336
0.7438964247703552
0.9385023713111877
0.9675317406654358
0.41552799940109253
0.9891461133956909
0.2644396126270294
0.40347743034362793
0.32955464720726013
0.9265048503875732
0.9847656488418579
0.9889123439788818
0.7696301937103271
0.3773033618927002
0.7342934012413025
0.9519941210746765
0.2926352024078369
0.21335174143314362
0.4083174467086792
0.2675638794898987
0.47998636960983276
0.7453846335411072
0.2455841600894928
0.31279686093330383
1.012424111366272
0.9957395792007446
0.6881773471832275
1.0088777542114258
0.40901660919189453
0.21978721022605896
0.2821860909461975
0.31987425684928894
0.9551984071731567
0.22972016036510468
0.1581248939037323
0.26420140266418457
0.9423341751098633
0.8443765640258789
0.24093303084373474
0.9847209453582764
0.9703695178031921
0.3085951805114746
0.49509090185165405
0.4038728177547455
0.44651126861572266
0.944510817527771
0.9707468152046204
0.4595533311367035
0.3157002925872803
0.9513392448425293
0.6776256561279297
0.9892967939376831
0.7296587228775024
0.3499225676059723
0.9824947118759155
0.2668764889240265
0.4918820261955261
0.4570751190185547
0.6715074777603149
0.41113317012786865
0.9065441489219666
0.3769741654396057
0.5702342987060547
0.8749847412109375
0.24639368057250977
0.6606184244155884
0.9802452921867371
0.1989123821258545
0.2439202070236206
0.28983527421951294
0.4377395808696747
0.2980087399482727
0.34489190578460693
0.32593458890914917
0.21115410327911377
0.9851961731910706
0.8824161291122437
0.32397180795669556
0.34817153215408325
0.9464741945266724
0.9922537803649902
0.22931189835071564
0.4456757605075836
0.5296429991722107
0.9659306406974792
0.33953264355659485
0.9508954882621765
0.4226571321487427
0.7026772499084473
0.819368839263916
0.9690238833427429
0.2681807279586792
0.7292709946632385
0.9682037234306335
0.3109953701496124
0.2247011363506317
0.948683500289917
1.0092650651931763
0.40182235836982727
0.9684367775917053
0.7828691005706787
0.24587978422641754
0.9342420101165771
0.9410735368728638
0.6033746004104614
0.9010443091392517
0.2722952365875244
0.9765608310699463
0.5807653665542603
0.23010817170143127
0.6123384237289429
0.16837680339813232
0.38568001985549927
0.895789623260498
0.2569856643676758
0.19790562987327576
0.7144445180892944
0.3086755871772766
0.9878554344177246
0.8454990983009338
0.2526341676712036
0.7168407440185547
0.3716471195220947
0.965548574924469
0.833878755569458
0.1020708754658699
0.6501847505569458
0.17417767643928528
0.5384549498558044
0.3002614974975586
0.8873882293701172
0.980957567691803
0.2157250940799713
0.9819974899291992
0.5822191834449768
0.9632648825645447
0.652124285697937
0.4070020318031311
0.2982991933822632
0.4088895916938782
0.889439582824707
0.3091796636581421
0.9834007620811462
0.20773711800575256
0.6125112771987915
0.5860320925712585
0.23263822495937347
0.600264310836792
0.8929122686386108
0.9442296028137207
0.11073783785104752
0.2357664555311203
0.9320567846298218
0.9015977382659912
0.24706479907035828
0.5216744542121887
0.7951412200927734
0.8696366548538208
0.5363922119140625
0.9512835741043091
0.3288577198982239
0.45661628246307373
0.5017852783203125
0.26315903663635254
0.9619274139404297
0.25027644634246826
0.9005262851715088
0.3661108613014221
0.9768136739730835
0.9830554723739624
0.4561753571033478
0.49263474345207214
0.7409318685531616
0.46871325373649597
0.2645803987979889
0.26044827699661255
0.20636826753616333
0.5378504991531372
0.8455442786216736
0.41418513655662537
0.3041318655014038
0.9953557848930359
0.43058058619499207
0.5681701302528381
0.2753794491291046
0.967726469039917
0.6914639472961426
0.2438754141330719
0.45535364747047424
0.33517271280288696
0.4442785978317261
0.40384232997894287
0.21590329706668854
0.3983471989631653
0.557196319103241
0.929033100605011
0.5098366737365723
0.43941032886505127
0.22440367937088013
0.5713218450546265
0.9439348578453064
0.6453683972358704
0.3288556933403015
0.42370668053627014
0.4135037064552307
0.40364885330200195
0.36838024854660034
0.3727115988731384
0.9879262447357178
0.304574579000473
0.9454578161239624
0.9477927088737488
0.32805827260017395
0.35002318024635315
0.6025261282920837
0.7542033195495605
0.9836437106132507
0.22805167734622955
0.3252617418766022
0.6877596974372864
0.5227003693580627
0.3019959032535553
0.8057856559753418
0.9703584909439087
0.41645345091819763
0.3199232518672943
0.16550378501415253
0.9558120965957642
0.8348726034164429
0.7153809070587158
0.8649718761444092
0.5457943677902222
0.937296986579895
0.838408350944519
0.23577408492565155
0.31324145197868347
0.8392544388771057
0.2653743624687195
0.6047387719154358
0.970392107963562
0.9723100662231445
0.9715133309364319
0.43331873416900635
0.9710283279418945
0.968264639377594
0.8388935327529907
0.2888219952583313
0.35764071345329285
0.236162006855011
0.7884974479675293
0.24304942786693573
0.6883901953697205
0.5717347264289856
0.4956198036670685
0.24362078309059143
0.7876399755477905
0.4620310664176941
1.0092650651931763
0.980764627456665
0.1908186376094818
0.5702342987060547
0.5915623903274536
0.6868475675582886
0.9486912488937378
0.31983691453933716
0.3343052864074707
0.97654128074646
0.9691964387893677
0.9903597831726074
0.3000342845916748
0.9652105569839478
0.34942716360092163
0.7486016750335693
0.27425485849380493
0.14775682985782623
0.20038163661956787
0.6978857517242432
0.9897280335426331
0.644818902015686
0.5013902187347412
0.5416862368583679
1.0072599649429321
0.974165678024292
0.9757806658744812
0.9917024374008179
0.35224449634552
0.964103102684021
0.9605851173400879
0.43215781450271606
1.0205016136169434
0.3657311201095581
0.9703331589698792
0.35397571325302124
0.7422857284545898
0.9801830649375916
0.8361230492591858
0.9970012307167053
0.3634493350982666
0.9329849481582642
0.588979184627533
0.3668869137763977
0.7843208312988281
0.3586772382259369
0.5233438611030579
0.9511860609054565
0.2656018137931824
0.8366302251815796
0.3540657162666321
0.38187265396118164
0.2765970230102539
0.3006199598312378
0.36635684967041016
0.11317072808742523
0.9624130725860596
0.9955306649208069
0.3612590432167053
0.2381271868944168
0.4302150011062622
0.7474038600921631
0.3570578694343567
0.23048774898052216
0.9041922092437744
0.7313125133514404
0.2824122905731201
0.6729118824005127
0.36945641040802
0.9771066904067993
0.6274491548538208
0.24862900376319885
0.26268813014030457
0.6449906229972839
0.9281772375106812
0.9690225124359131
0.6338213682174683
0.5725509524345398
0.42070072889328003
0.21336930990219116
0.9685834646224976
0.2953048348426819
0.9624509811401367
0.31936168670654297
0.9958272576332092
0.9716936349868774
0.3280413746833801
0.9687910079956055
0.31511038541793823
0.9834543466567993
0.9378679990768433
0.5618220567703247
0.9706377387046814
0.992504358291626
0.3328057527542114
0.49354827404022217
0.2743106484413147
0.2404930293560028
0.7098901271820068
0.7655823230743408
0.9718103408813477
0.7770090699195862
0.270785927772522
0.25414448976516724
0.9647571444511414
0.4563944935798645
0.206240713596344
0.6300647854804993
0.7370913028717041
0.3999074399471283
0.30720385909080505
0.3366088271141052
0.9219480156898499
0.7829329967498779
0.30340713262557983
0.9523725509643555
0.9571865200996399
0.7587901949882507
0.989119827747345
0.9248660802841187
0.8002051711082458
0.9388034343719482
0.6351274251937866
0.32147008180618286
0.9598766565322876
0.27755293250083923
0.29167670011520386
0.9889046549797058
0.2737901210784912
0.3917642831802368
0.3270531892776489
0.9457628726959229
0.5358591675758362
0.24253088235855103
0.16845443844795227
0.5890854597091675
0.8400904536247253
0.9652463793754578
0.29398348927497864
0.308267205953598
0.965586245059967
0.9949357509613037
0.4669448733329773
0.8625708818435669
0.2849816679954529
0.4890909194946289
0.9891646504402161
0.8361230492591858
0.9615216255187988
0.6578835248947144
0.3686940670013428
0.3841133713722229
0.9814374446868896
0.28711968660354614
0.9737317562103271
0.9058111906051636
0.7710679769515991
0.36452168226242065
0.33247315883636475
0.342262327671051
0.16868169605731964
0.9635900259017944
0.7526477575302124
0.3131934404373169
0.42816218733787537
0.5721191167831421
0.9528904557228088
0.2346983700990677
0.573370099067688
1.002022385597229
0.3402658700942993
0.6279542446136475
0.9458217620849609
0.687927782535553
0.9753345847129822
0.538279116153717
0.9799603819847107
0.3110930323600769
0.7434709668159485
0.3443272113800049
0.39597398042678833
0.3223269581794739
0.31983494758605957
0.9748790264129639
0.23310555517673492
0.2763688862323761
0.2866276800632477
0.4044245481491089
0.4669468104839325
0.6739625930786133
0.9749813675880432
0.4158003032207489
0.2502129077911377
0.24898052215576172
0.14596647024154663
0.6495684385299683
0.4497091770172119
0.8119359016418457
0.8216415643692017
0.9635116457939148
0.6167958974838257
0.9377882480621338
0.871180534362793
0.8191549777984619
0.7876399755477905
0.5142514705657959
0.6112085580825806
0.9519332647323608
0.5249245166778564
0.7639034390449524
0.41625329852104187
0.2411433458328247
0.8107048869132996
0.4892481863498688
0.30325934290885925
0.3982272744178772
0.6457945704460144
0.5895132422447205
0.989119827747345
0.5223613977432251
0.367295503616333
0.37411734461784363
0.19042587280273438
0.93973308801651
0.2937471568584442
0.25810396671295166
0.3102768361568451
0.7987875938415527
0.9780547022819519
0.987808346748352
0.888608455657959
0.5266506671905518
0.9425132274627686
0.9674931764602661
1.0014925003051758
0.3193748891353607
0.5827294588088989
0.9757272005081177
0.9916518926620483
0.33640602231025696
0.9559463262557983
0.21592608094215393
0.38100364804267883
1.0064115524291992
0.2883402705192566
0.2961435914039612
0.44276848435401917
0.971369743347168
0.23542098701000214
0.42314866185188293
0.10708925127983093
0.5092892646789551
0.9996520280838013
0.3995630741119385
0.42101192474365234
0.2108510434627533
0.8342502117156982
0.23894691467285156
0.32760411500930786
0.360371470451355
0.36000633239746094
0.3209262490272522
0.972615659236908
0.9466948509216309
0.2830045819282532
0.3047621548175812
0.19792500138282776
0.4342367351055145
0.35202112793922424
0.9483245015144348
0.6640480160713196
0.7788670063018799
0.295894980430603
0.9104154706001282
0.3720550537109375
0.9541230201721191
0.963649570941925
0.218145951628685
0.9442296028137207
0.21006986498832703
0.8345916271209717
0.28643471002578735
0.22518791258335114
0.21597158908843994
0.9791168570518494
0.22184786200523376
0.9702996015548706
0.3991890847682953
0.511357307434082
0.2526446580886841
0.18508896231651306
0.35499054193496704
0.441724956035614
0.8793905973434448
0.3708152770996094
0.9307933449745178
0.3444678485393524
0.6518436670303345
0.3040591776371002
0.45759180188179016
0.45574069023132324
0.9889260530471802
0.7389909625053406
0.9366403818130493
0.9546977281570435
0.3069852292537689
0.9627920389175415
0.25902384519577026
0.12637710571289062
0.8616930246353149
0.979274570941925
0.23575781285762787
0.31039953231811523
0.3092026710510254
0.6196856498718262
0.2891489267349243
0.23516947031021118
0.9232277870178223
0.861515462398529
0.2958579659461975
0.6331665515899658
0.9811839461326599
0.27757152915000916
0.3055097162723541
0.2514961361885071
0.25883403420448303
0.29204508662223816
0.9562815427780151
0.42606690526008606
0.24280235171318054
0.9388569593429565
0.9260541200637817
0.952688455581665
0.2984761893749237
0.47995156049728394
0.460593581199646
0.4283509850502014
0.35999637842178345
0.3867727518081665
0.3017770051956177
0.27438831329345703
0.5353542566299438
0.3389125466346741
0.9888681173324585
0.5114754438400269
0.6260930299758911
0.28460991382598877
0.11174517869949341
0.3093387186527252
0.6892992258071899
0.32384049892425537
0.7455315589904785
0.5480303764343262
0.31790608167648315
0.2516372799873352
0.41802480816841125
0.2573023736476898
0.9205395579338074
0.9675706624984741
0.1848936378955841
0.9704177379608154
0.34015265107154846
0.3416574001312256
0.3978937864303589
0.8529776334762573
0.33159172534942627
0.9753187894821167
0.7530813217163086
0.7430806159973145
0.9910964369773865
0.9796273708343506
0.37450921535491943
0.7054906487464905
0.9806308150291443
0.9818226099014282
0.31862297654151917
0.6925108432769775
0.6206552982330322
0.9406589865684509
0.9486582279205322
0.5267002582550049
0.9402030110359192
0.8463783264160156
0.9684485793113708
0.9548635482788086
0.47096726298332214
0.2436114251613617
0.49134930968284607
0.33328545093536377
0.3074381947517395
0.9829123020172119
0.3196731209754944
0.9713973999023438
0.9716912508010864
0.2652076482772827
0.46726787090301514
0.48135045170783997
0.6959587335586548
0.2826274037361145
0.9623518586158752
0.17622584104537964
1.0037387609481812
0.6047387719154358
0.9547073841094971
0.31670284271240234
0.35390305519104004
0.9694384336471558
0.5908238291740417
0.29672276973724365
0.2195134162902832
0.5994886159896851
0.47340020537376404
0.9718103408813477
0.329069048166275
0.24249833822250366
0.43696510791778564
0.9742527008056641
0.9816373586654663
0.33342641592025757
0.4961841106414795
0.9623541831970215
0.9753207564353943
0.9905563592910767
0.38462281227111816
0.917448103427887
0.11969266086816788
0.15611708164215088
0.7634308338165283
0.16089317202568054
0.5217351317405701
0.6063522100448608
0.6880939602851868
0.5380727648735046
0.604364275932312
0.9443833827972412
0.5643682479858398
0.1934673935174942
0.6061323881149292
0.7452601194381714
0.4662783145904541
0.25027787685394287
0.9839744567871094
0.9884397983551025
0.3946806788444519
0.28180909156799316
0.21168489754199982
0.34758415818214417
0.15419521927833557
0.3170764148235321
0.362313449382782
0.9786052703857422
0.37016695737838745
0.8348878026008606
0.30394425988197327
0.3559149205684662
0.29482564330101013
0.23776875436306
0.3298218846321106
0.9526121616363525
0.7605264782905579
0.9661994576454163
0.9928674697875977
0.22914192080497742
0.3694620430469513
0.4910123646259308
0.35315197706222534
0.8747785091400146
0.9715965986251831
0.358040988445282
0.9860795736312866
0.5487207174301147
0.6226130723953247
0.9919283986091614
0.26803797483444214
0.9486912488937378
0.3874291777610779
0.9502663016319275
0.2982412576675415
0.3566782772541046
0.515188455581665
0.16925187408924103
0.9934635162353516
0.6838260889053345
0.28540706634521484
0.48633235692977905
0.3984300196170807
0.4708777070045471
0.4242938756942749
0.4744712710380554
0.25047463178634644
0.9814039468765259
0.5677869915962219
0.25828516483306885
0.6952691078186035
0.16397634148597717
0.8424719572067261
0.33616378903388977
0.378339946269989
0.7164154052734375
0.30511388182640076
0.5002295970916748
0.2639181613922119
0.6789306402206421
0.43600812554359436
0.34575212001800537
0.8942792415618896
0.6700931787490845
0.9883719682693481
0.36412158608436584
0.9543883800506592
0.24674293398857117
0.9803334474563599
0.6684162616729736
0.20374763011932373
0.9030297994613647
0.7883110642433167
0.314779132604599
0.343037486076355
0.48984643816947937
0.4135952591896057
0.2105710804462433
0.9381248354911804
0.3121929168701172
0.7389909625053406
0.9160877466201782
0.8598292469978333
0.6245814561843872
0.9789835214614868
0.25389426946640015
0.2233421802520752
0.3898472785949707
0.90919429063797
0.554775059223175
0.25614041090011597
0.5141804218292236
0.7076219320297241
0.9775446653366089
0.9358716011047363
0.38607558608055115
0.9614973068237305
0.21530865132808685
0.5971237421035767
0.8697945475578308
0.38291582465171814
0.5985430479049683
0.379552960395813
0.45977044105529785
0.807222843170166
0.9405428171157837
0.48590904474258423
0.4270586371421814
0.8136622905731201
0.8782589435577393
0.30290722846984863
0.9268317222595215
0.4956198036670685
0.28109773993492126
0.24936558306217194
0.30224117636680603
0.27957627177238464
0.963606595993042
0.9466948509216309
0.9593110084533691
0.9583601355552673
0.2661001682281494
0.9677048921585083
0.4542267620563507
0.962540864944458
0.5683262944221497
0.9628913402557373
0.6231979131698608
0.36258333921432495
0.3146786093711853
0.38333791494369507
0.9219480156898499
0.9814038276672363
0.8293939828872681
0.2723262906074524
0.9391187429428101
0.8726979494094849
0.7422676086425781
0.2715856432914734
0.43921101093292236
0.7144701480865479
0.9215149879455566
0.42157238721847534
0.19888699054718018
0.9640880823135376
0.2806379795074463
0.9519864320755005
0.33788973093032837
0.8364050388336182
0.8522495031356812
0.18215800821781158
0.9794835448265076
0.8334091901779175
0.2684958279132843
0.27722397446632385
0.9926294088363647
0.5584893226623535
0.5862453579902649
0.9161736965179443
0.3157048523426056
0.9575039744377136
0.3173148036003113
0.27454036474227905
0.3132469058036804
0.9736459255218506
0.5892045497894287
0.8859068751335144
0.2999299466609955
0.4713476896286011
0.9818816781044006
0.956364631652832
0.4737657308578491
0.3258257806301117
0.7823700904846191
0.5095342993736267
0.9858655333518982
0.9900888204574585
0.2200469672679901
0.5338287949562073
0.9791337847709656
0.4512217342853546
0.5655310153961182
0.5940564274787903
0.24322575330734253
0.2682649493217468
0.5419356226921082
0.4862733781337738
0.7468897700309753
0.9924484491348267
0.18703654408454895
1.0169790983200073
0.7879073619842529
0.8803730010986328
0.9851335287094116
0.9374181628227234
0.6454336643218994
0.22747522592544556
0.6594559550285339
0.9706056714057922
0.9924484491348267
0.27813398838043213
0.40630385279655457
0.279301255941391
0.9331647157669067
0.6789404153823853
0.2527065873146057
0.30358484387397766
0.971708357334137
0.1940077692270279
0.9890345931053162
0.2960878312587738
0.48959484696388245
0.19583579897880554
0.6986815929412842
0.29989686608314514
0.25075939297676086
0.9708490967750549
0.9357446432113647
0.876825749874115
0.2975376844406128
0.3165443539619446
0.48300766944885254
0.129710391163826
0.9904189109802246
0.9642887115478516
0.6108086705207825
0.9298986196517944
0.42097634077072144
0.9668295383453369
0.6821471452713013
0.9796615242958069
0.22802779078483582
0.9885039329528809
0.7427152395248413
0.5248829126358032
0.9885966181755066
0.18964165449142456
0.24924620985984802
0.2682437598705292
0.9222554564476013
0.5496302843093872
0.884431004524231
0.37254929542541504
0.3662465214729309
0.4173544943332672
0.8407310247421265
0.6004642248153687
0.8959732055664062
0.32781878113746643
0.25072845816612244
0.7645752429962158
0.5618363618850708
0.9455281496047974
0.8084003925323486
0.2591380476951599
0.49090537428855896
0.47538673877716064
0.3551390469074249
0.7542033195495605
0.40121105313301086
0.6669042110443115
0.7876399755477905
0.9922601580619812
0.39506804943084717
0.6189429759979248
0.9969258308410645
0.30341073870658875
0.26497334241867065
0.7458125352859497
0.35283952951431274
0.21523290872573853
0.950612485408783
0.8878632187843323
0.6958677768707275
0.3326019048690796
0.40245479345321655
0.39100533723831177
0.8634628057479858
0.701655924320221
0.5620439648628235
0.3652678430080414
0.5405505299568176
0.25814560055732727
1.0069788694381714
0.9931267499923706
0.9700214862823486
0.9791433811187744
0.9749071598052979
0.22677409648895264
0.9836668968200684
0.9653688669204712
0.7284950613975525
0.9680576920509338
0.2598115801811218
0.22063592076301575
0.35469692945480347
0.5165830850601196
0.9658592939376831
0.2632259130477905
0.737906813621521
0.9958614110946655
0.14076925814151764
0.28511959314346313
0.24062688648700714
0.35498854517936707
0.2209443747997284
0.7080550789833069
0.8728264570236206
0.9400036334991455
0.3818366229534149
0.6157786250114441
0.26904329657554626
0.9290804862976074
0.3430120050907135
0.3417777419090271
0.2490059733390808
0.521623432636261
0.9908620119094849
0.4764876961708069
0.6669155359268188
0.3252410292625427
0.33700960874557495
0.9495508670806885
0.4821076989173889
0.9700342416763306
0.3591035008430481
0.9589519500732422
0.8850107789039612
0.9753332138061523
0.43905019760131836
0.6491503715515137
0.9756935834884644
0.3318934440612793
0.31420648097991943
0.23581218719482422
0.34148648381233215
0.21593740582466125
0.6328358054161072
0.2611314654350281
0.9708537459373474
0.5600557327270508
0.5234967470169067
0.26683151721954346
0.22042177617549896
0.41018742322921753
0.9894636869430542
0.8484759330749512
0.3135775923728943
0.9872399568557739
0.2768037021160126
0.36727118492126465
0.7799288034439087
0.30526718497276306
0.22256791591644287
0.9809926152229309
0.28436726331710815
0.6641706228256226
0.6710085868835449
0.5785216093063354
0.20470374822616577
0.964811384677887
0.323971688747406
0.22651606798171997
0.7224738001823425
0.4448965787887573
0.2809412479400635
0.5384082198143005
0.3126183748245239
0.18854913115501404
0.6558142900466919
0.33958229422569275
0.9861854314804077
0.36115115880966187
0.09940990060567856
0.8114207983016968
0.392055481672287
0.3499597907066345
0.9517756700515747
0.6789404153823853
0.9757282733917236
0.2316327691078186
0.669650673866272
0.4613259732723236
0.9078294634819031
0.9420768022537231
0.22408708930015564
0.7376484870910645
0.27953433990478516
0.49013882875442505
0.910382866859436
0.15665997564792633
0.8348878026008606
0.8304592370986938
0.5497186183929443
0.9876124858856201
0.9688201546669006
0.23616370558738708
0.983860969543457
0.9940246343612671
0.6421392560005188
0.3241449296474457
0.18311646580696106
0.25241702795028687
0.4751192033290863
0.308562695980072
0.4860175848007202
0.536140501499176
0.9816879034042358
0.9810512065887451
0.9842261075973511
0.32103675603866577
0.3049706518650055
0.3504958748817444
0.49459099769592285
0.36027657985687256
0.983078122138977
0.25868353247642517
0.3145750164985657
0.3536645770072937
0.7837569117546082
0.24978849291801453
0.44916197657585144
0.5142717361450195
0.11946622282266617
0.9916949272155762
0.3602502942085266
0.9723454713821411
0.9714311957359314
0.4279782772064209
0.2736554741859436
0.3582322299480438
0.9558120965957642
0.9734479784965515
0.8356732130050659
0.9897819757461548
0.3399936556816101
0.2570262551307678
0.9074321985244751
0.4695855677127838
0.28141170740127563
0.29255300760269165
0.9016320109367371
0.5045064687728882
0.39089030027389526
0.37302935123443604
0.8441183567047119
0.294391930103302
0.206024169921875
0.9979603290557861
0.7028247117996216
0.2741613984107971
0.9884322881698608
0.9959561824798584
0.9797415733337402
0.25814560055732727
0.2961790859699249
0.25098925828933716
0.5404789447784424
0.4038146138191223
0.8836738467216492
0.9887551665306091
0.4302233159542084
0.25562095642089844
0.3916621506214142
0.9781372547149658
0.5717995166778564
0.22371806204319
0.984840989112854
0.2880978584289551
0.12532418966293335
0.44973647594451904
0.631011962890625
0.9624130725860596
0.2147018313407898
0.21751128137111664
0.2723241448402405
0.30043214559555054
0.9318220615386963
0.979660153388977
0.3652319610118866
0.26710817217826843
0.317538857460022
0.9803808927536011
0.6423245668411255
0.49078476428985596
0.9680132865905762
0.18107445538043976
0.28648483753204346
0.3622933030128479
0.9846676588058472
0.9700268507003784
0.6517890095710754
0.9643814563751221
0.9472157955169678
0.3063924014568329
0.5047181844711304
0.2109554409980774
0.3160964250564575
0.22972996532917023
0.6569190621376038
0.7177878618240356
0.28825873136520386
0.959667980670929
0.9266573190689087
0.9964707493782043
0.25738900899887085
0.33845463395118713
0.29071158170700073
0.602577805519104
0.2344217300415039
0.9700469374656677
0.9874080419540405
0.24121952056884766
0.30389082431793213
0.9537944197654724
0.9613116979598999
0.27115511894226074
0.6855435371398926
0.29637932777404785
0.9790570735931396
0.2551981210708618
0.3316943049430847
0.8871909379959106
0.21975156664848328
0.22075363993644714
0.763325572013855
0.9776826500892639
0.23270201683044434
0.7129230499267578
0.3201565146446228
0.4013584852218628
0.20698076486587524
0.4340952932834625
0.3670913875102997
0.5027245283126831
0.24394534528255463
0.3035251796245575
0.9713577032089233
0.3401062488555908
0.48392170667648315
0.9033622145652771
0.27230727672576904
0.9238798022270203
0.1917397528886795
0.9374181628227234
0.965548574924469
0.9916703701019287
0.5438036918640137
0.5256683826446533
0.8783522844314575
0.9673448801040649
0.7405339479446411
0.24729135632514954
0.2611154615879059
0.8554865121841431
0.3002420961856842
0.7978150844573975
0.3181861639022827
0.5234379768371582
0.20319980382919312
0.2796371579170227
0.6326847672462463
0.13285034894943237
0.5453734397888184
0.5499184131622314
0.544365644454956
0.4738254249095917
0.8078067898750305
0.5700585246086121
0.20882900059223175
0.22513148188591003
0.973094642162323
0.9822288751602173
0.9790902733802795
0.2473728209733963
0.30270057916641235
0.7938141822814941
0.571661114692688
0.2700216770172119
0.9668350219726562
0.43887919187545776
0.9876487255096436
0.8458110094070435
1.0003926753997803
0.36639803647994995
0.7804544568061829
0.38745230436325073
0.43462255597114563
0.7036727666854858
0.32339903712272644
0.2163858711719513
0.17788191139698029
0.2500072121620178
0.9777145385742188
0.8427923917770386
0.3616003394126892
0.7422817945480347
0.25232070684432983
0.5160890817642212
0.2659599483013153
0.5528497099876404
0.6916965246200562
0.530767023563385
0.7164928317070007
0.588979184627533
0.36322566866874695
0.2973346710205078
0.14499951899051666
0.22149814665317535
0.421747624874115
0.7449957728385925
0.12167000025510788
0.3955770432949066
1.0106651782989502
0.9668995141983032
0.3881039321422577
0.9834060668945312
0.3551633059978485
0.3785434067249298
0.33216917514801025
0.6525365710258484
0.3476436734199524
0.1793244481086731
0.9572553038597107
0.5325800180435181
1.0001754760742188
0.26940104365348816
0.31286633014678955
0.2785460650920868
0.6937501430511475
0.3126937747001648
0.3158358335494995
0.501781702041626
0.9305213689804077
0.27850374579429626
0.31981706619262695
0.9077698588371277
0.9937313795089722
0.43422025442123413
0.9714397192001343
0.968410849571228
0.6283513307571411
0.20161059498786926
0.9466459155082703
0.8706156015396118
0.3612213730812073
1.0079214572906494
0.2737134099006653
0.9680378437042236
0.28501445055007935
0.3471885919570923
0.5493440628051758
0.9584779143333435
0.16681289672851562
0.32287847995758057
0.39144325256347656
0.880264401435852
0.9575011134147644
0.980957567691803
0.9643259644508362
0.3070690631866455
0.9788646697998047
0.521430492401123
0.2366798371076584
0.8933513164520264
0.33181053400039673
0.25842908024787903
0.9457598924636841
0.9675784707069397
0.7099553346633911
0.4490116238594055
0.9861159324645996
0.2375992238521576
0.3246309757232666
0.26476505398750305
0.3008870482444763
0.6410524249076843
0.9223814010620117
0.2954941689968109
0.7885645627975464
0.9515823125839233
0.19436168670654297
0.9759991765022278
0.2990456819534302
0.2455044537782669
0.9802452921867371
0.36795303225517273
0.3627600073814392
0.561336874961853
0.9842783212661743
0.3355036973953247
0.37607091665267944
0.231406107544899
0.9758191108703613
0.9323120713233948
0.42003923654556274
0.4501480460166931
0.965596616268158
0.24284768104553223
0.9654456377029419
0.27139970660209656
0.46033889055252075
0.8275797367095947
0.28873711824417114
0.43746083974838257
0.6649177074432373
0.3646446764469147
0.9810795187950134
0.2773151993751526
0.6005905866622925
0.9832733869552612
0.928197979927063
0.7314514517784119
0.25010091066360474
0.3968970775604248
0.8853389024734497
0.3803330957889557
0.9557763338088989
0.28071796894073486
0.2718454599380493
0.31619229912757874
0.9841525554656982
0.9452964663505554
0.4544874429702759
0.5091637372970581
0.6469448804855347
0.26272135972976685
0.22325707972049713
0.3871425688266754
0.9644842743873596
0.268828809261322
0.9153957366943359
0.2824883759021759
0.2698724865913391
0.3727342486381531
0.40734922885894775
0.9238996505737305
0.5439562201499939
0.993903636932373
0.4503856301307678
0.9922491312026978
0.5716696977615356
0.40855997800827026
0.5084457993507385
0.32670581340789795
0.30958908796310425
0.3137054741382599
0.25892186164855957
0.7834789752960205
0.9649361968040466
0.2895115613937378
0.994081974029541
0.9753879308700562
0.8516368269920349
0.965132474899292
0.9319002628326416
0.5046578049659729
0.937842845916748
0.33582961559295654
0.2647349536418915
0.7975261211395264
0.9634331464767456
0.7145795822143555
0.6222088932991028
0.22612357139587402
0.5340085029602051
0.37668561935424805
0.9523725509643555
0.9924484491348267
0.23272722959518433
0.2824671268463135
0.572285532951355
0.21666085720062256
0.35525283217430115
0.20712873339653015
0.9860188364982605
0.22544100880622864
0.9612123370170593
0.9762037992477417
0.9721693992614746
0.3056793510913849
0.521410346031189
0.5616201162338257
0.2594422996044159
0.9735355377197266
0.9170641899108887
0.9715107679367065
0.45361146330833435
0.484231173992157
0.6103973984718323
0.24272552132606506
0.9975214004516602
0.31452324986457825
0.525214433670044
0.2513850927352905
0.9719825387001038
0.9633508920669556
0.27159905433654785
0.3785833716392517
0.21647627651691437
0.39055851101875305
0.3402464985847473
0.4935920238494873
0.8537858724594116
0.24283184111118317
0.9765803813934326
0.9643750190734863
0.30971693992614746
0.29358726739883423
0.3422524929046631
0.9909328818321228
0.37083733081817627
0.9716770648956299
0.17524588108062744
0.27543333172798157
0.1477283537387848
0.8346821069717407
0.5197802782058716
0.9215493202209473
0.5763022899627686
0.8686085939407349
0.2460271418094635
0.4768550992012024
0.8925018310546875
0.9404113292694092
0.322496235370636
0.9091024994850159
0.33838343620300293
0.9657757878303528
0.6001256704330444
0.13267531991004944
0.8093665838241577
0.23817527294158936
0.38345491886138916
0.2284110188484192
0.3652319610118866
0.3324853181838989
0.9261177778244019
0.33127301931381226
0.9630571603775024
0.4500020742416382
0.3467892110347748
0.8944693803787231
0.16679976880550385
0.606224536895752
0.8846864700317383
0.3167983293533325
0.22895917296409607
0.9090523719787598
0.18972891569137573
0.4412001371383667
0.9689013957977295
0.9726600050926208
0.476407915353775
0.5573028922080994
0.6198662519454956
0.23695284128189087
0.725274384021759
0.9791974425315857
0.9710249304771423
0.9360264539718628
0.9546858072280884
0.9621574878692627
0.5582751035690308
0.24770674109458923
0.9049190282821655
0.9937313795089722
0.9668030738830566
0.4180731177330017
0.2242681235074997
0.9429800510406494
0.8944531679153442
0.7631726264953613
0.530331015586853
0.979077935218811
0.631011962890625
0.19546546041965485
0.4898660480976105
0.3231743574142456
0.2578539252281189
0.25590479373931885
0.27685850858688354
0.6901748180389404
1.0010441541671753
0.9514377117156982
0.9524862170219421
0.962263822555542
0.43477869033813477
0.5313131809234619
0.8356878757476807
0.7866805791854858
0.6577898263931274
0.8557749390602112
0.24086442589759827
0.9733965396881104
0.9288207292556763
0.35865518450737
0.27670133113861084
0.9878075122833252
0.2740916311740875
0.6978795528411865
0.9505335688591003
0.32556086778640747
0.24368923902511597
0.706790566444397
0.35126596689224243
0.8450202941894531
0.2824571430683136
0.6147375106811523
0.9671076536178589
0.9744808673858643
0.27878105640411377
0.3791607916355133
0.40537217259407043
0.33143430948257446
0.2830633521080017
0.5231285095214844
0.27331700921058655
0.3235795199871063
0.19058553874492645
0.4739890396595001
0.8914176821708679
0.3589301109313965
0.9813969731330872
0.35110822319984436
0.9827996492385864
0.299172043800354
0.9952969551086426
0.4873065948486328
1.0031728744506836
0.9918771982192993
0.4782203435897827
0.8439223766326904
0.3700316548347473
1.0086355209350586
0.3091336190700531
0.8657606840133667
0.952727198600769
0.5479928255081177
0.3143389821052551
0.8537858724594116
0.4508207440376282
0.2568933367729187
0.3486817479133606
0.18285265564918518
0.8481737971305847
0.22642357647418976
0.26207655668258667
0.3796815872192383
0.7546100616455078
0.8649852275848389
0.376400887966156
0.6804722547531128
0.38505053520202637
0.5298199653625488
0.3690089285373688
0.2825510501861572
0.39226436614990234
0.9887720346450806
0.5012655258178711
0.837576150894165
0.2972138822078705
0.42811155319213867
0.40036270022392273
0.31790634989738464
0.36424005031585693
0.33916378021240234
0.4153258204460144
0.990809440612793
0.9740922451019287
0.3451683521270752
0.344912588596344
0.3608471751213074
0.8798725605010986
0.39012300968170166
0.9347313642501831
0.960258424282074
0.27915698289871216
0.6591526865959167
0.326092004776001
0.9439492225646973
0.3416990637779236
0.9488921761512756
0.7812175154685974
0.122677281498909
0.2837890088558197
0.8088350892066956
0.6720271110534668
0.9796262383460999
0.6617096662521362
0.2207004576921463
0.3607379198074341
0.9959608316421509
0.777320146560669
0.950818657875061
0.6980876326560974
0.245657280087471
0.9849778413772583
0.9740922451019287
0.9870023131370544
0.97098308801651
0.8356732130050659
0.24594612419605255
0.9693711996078491
0.3909795880317688
0.21921460330486298
0.9769059419631958
0.9795891642570496
0.5677102208137512
0.8130112886428833
0.9681578874588013
0.6781719923019409
0.9978376626968384
0.9701275825500488
0.6211073398590088
0.5881170034408569
0.9567927122116089
0.3743062913417816
0.6799603700637817
0.836175799369812
0.9645134210586548
0.9879738092422485
0.9906080961227417
0.7337558269500732
0.9664783477783203
0.21313127875328064
0.19712144136428833
0.2918683886528015
0.19947302341461182
0.09616947174072266
0.6766070127487183
0.5380555391311646
0.9710276126861572
0.8546097874641418
0.20146965980529785
0.427152156829834
0.25705403089523315
0.3024906516075134
0.448454350233078
0.3459233045578003
0.5449970960617065
0.3806647062301636
0.3404834270477295
0.6391669511795044
0.482843816280365
0.7319908142089844
0.5068004131317139
0.2541523575782776
0.8296833038330078
0.18446007370948792
0.29007670283317566
0.2924370765686035
0.9907888770103455
0.34076637029647827
0.980433464050293
0.8362268209457397
0.9832515716552734
0.8944899439811707
0.2904091477394104
0.5569506883621216
0.39712080359458923
0.6582663059234619
0.549182116985321
0.9840047955513
0.3184100389480591
0.5032164454460144
0.973094642162323
0.8275207281112671
0.9452316761016846
0.1977057307958603
0.2832178473472595
0.7301876544952393
0.32633042335510254
0.33037957549095154
0.5739864110946655
0.9358106255531311
0.27851876616477966
0.869658350944519
0.23184189200401306
0.2037881314754486
0.2774750888347626
0.9682059288024902
0.672558069229126
0.9187065958976746
0.26538094878196716
0.9455419182777405
1.020685076713562
0.9673053026199341
0.7676442265510559
0.5627597570419312
0.9674123525619507
0.20260094106197357
0.6719307899475098
0.8684670925140381
0.47717130184173584
0.6795230507850647
0.46299588680267334
0.3987627327442169
0.32065266370773315
0.26854097843170166
0.5209742784500122
0.9654744863510132
0.1897106021642685
0.9689799547195435
0.9435024261474609
0.6344156265258789
0.40170538425445557
0.2419896423816681
0.9765803813934326
0.7770268321037292
0.9023796916007996
0.2870616018772125
0.27568092942237854
0.2860054075717926
0.3715234398841858
0.941170334815979
0.9243685603141785
0.7799288034439087
0.560261607170105
0.9655418395996094
0.32296842336654663
0.19701318442821503
0.9687446355819702
0.9937313795089722
0.9617653489112854
0.16613176465034485
0.34783655405044556
0.9162845611572266
0.2651922106742859
0.9954357147216797
0.7974616289138794
0.24081124365329742
0.45490989089012146
0.8943907022476196
0.26473620533943176
0.6166151762008667
0.9988855123519897
0.4276268482208252
0.34334325790405273
0.485073059797287
0.9085233807563782
0.29685983061790466
0.4581761062145233
0.6810736656188965
0.485973060131073
0.9740418195724487
0.5545875430107117
0.9655506610870361
0.3030008375644684
0.23722010850906372
0.7177147269248962
0.20668059587478638
0.15513595938682556
0.6183181405067444
0.9080042839050293
0.279407799243927
0.9124031066894531
0.2477414608001709
0.22000832855701447
0.9550228118896484
0.42129966616630554
0.29685091972351074
0.18422135710716248
0.32309335470199585
0.9770303964614868
0.9854397773742676
0.28726235032081604
0.9863183498382568
0.556906521320343
0.7225356698036194
0.8770662546157837
0.8808984160423279
0.3260353207588196
0.54404616355896
0.7285802364349365
0.352411150932312
0.9465484619140625
0.2549978494644165
0.19095772504806519
0.910382866859436
0.24420613050460815
0.9692675471305847
0.5018404126167297
1.0391440391540527
0.9234129786491394
0.22779357433319092
0.25438693165779114
0.18671219050884247
0.9918771982192993
0.9735791683197021
0.8264117240905762
0.9273254871368408
0.95350182056427
0.27258989214897156
0.4190787672996521
0.9754478931427002
1.0169161558151245
0.9205985069274902
0.23909977078437805
0.3188883066177368
0.9839162826538086
0.44964486360549927
0.9291374087333679
0.9722580909729004
0.2921784520149231
0.35748010873794556
0.9697749018669128
0.32279694080352783
0.2691294848918915
0.5421369075775146
0.9636210203170776
0.9833930730819702
0.3158796727657318
0.9890886545181274
0.24987708032131195
0.6287331581115723
0.9616233706474304
0.25222277641296387
0.1782989352941513
0.17452800273895264
0.30258768796920776
0.27286583185195923
0.3810374140739441
0.9988913536071777
0.5779059529304504
0.5807653665542603
0.12875810265541077
0.6439844369888306
0.3374409079551697
0.4890559911727905
0.44091761112213135
0.9651753902435303
0.38168126344680786
0.9975669384002686
0.328601211309433
0.2762487530708313
0.9359180331230164
0.6967330574989319
0.26500022411346436
0.5470806360244751
0.27424174547195435
0.96052086353302
0.21411588788032532
0.8917453289031982
0.2998344898223877
0.5540366768836975
0.6495980024337769
0.9592901468276978
0.2912956774234772
0.588979184627533
0.621088445186615
0.3115684986114502
0.6296783685684204
0.25041985511779785
0.6551153659820557
0.17442303895950317
0.9933107495307922
0.41792434453964233
0.967273473739624
0.6598067283630371
0.9340977668762207
0.9504094123840332
0.44891905784606934
0.13267351686954498
0.2811344563961029
0.25996190309524536
0.9896385669708252
0.6591542959213257
0.9364290237426758
0.7028402090072632
0.5183013677597046
0.9406589865684509
0.9728163480758667
0.386430561542511
0.8180980086326599
0.7037523984909058
0.6490920186042786
0.5815621018409729
0.7945780754089355
0.8306368589401245
0.9943482875823975
0.7162488698959351
0.5021251440048218
1.0219942331314087
0.4844454526901245
0.9699945449829102
0.9750556349754333
0.6153512001037598
0.3757569193840027
0.9864629507064819
0.77259361743927
0.730415403842926
0.9611586332321167
0.9233241677284241
0.8829162120819092
0.6805382370948792
0.7368277311325073
0.26498761773109436
0.21687749028205872
0.37833672761917114
0.3322848081588745
0.26625749468803406
0.23250120878219604
0.3048046827316284
0.5879820585250854
0.7944722175598145
0.3221755623817444
0.9880927801132202
0.4112466275691986
0.9411561489105225
0.959140956401825
0.254317969083786
0.3868110477924347
0.8558122515678406
1.0014166831970215
0.9667905569076538
0.9881012439727783
0.18233367800712585
0.5001955628395081
0.9534196853637695
0.6104254722595215
0.3143996596336365
0.9673053026199341
0.38292330503463745
0.6552503705024719
0.34055399894714355
0.9768902063369751
0.8223974108695984
0.4073532819747925
0.9558120965957642
0.2985537648200989
0.25822320580482483
0.19823065400123596
0.8873401880264282
0.965679407119751
0.38994288444519043
0.20170225203037262
0.4158107340335846
0.7144701480865479
0.9513322114944458
0.9625002145767212
0.6404417753219604
0.1803385466337204
0.42170462012290955
0.5482186079025269
0.34773343801498413
0.28463220596313477
0.9939403533935547
0.30776214599609375
0.6001407504081726
0.9806681871414185
0.9952637553215027
0.6093384623527527
0.19642755389213562
0.9554795026779175
0.9030483961105347
0.9319002628326416
0.9435051083564758
0.5234967470169067
0.9002453088760376
0.9830588102340698
0.9664740562438965
0.9751925468444824
0.3293505311012268
0.3294990062713623
0.48223876953125
0.5293207764625549
0.4110139012336731
0.38650697469711304
0.2818818986415863
0.9514140486717224
0.4578654170036316
0.8878632187843323
0.26317906379699707
0.9480088949203491
0.9644842743873596
0.7799288034439087
0.7237346172332764
0.9726736545562744
0.7898826599121094
0.29064279794692993
0.347955584526062
0.30369311571121216
0.16300591826438904
0.1926012635231018
0.7305978536605835
0.9717347025871277
0.9548518061637878
0.9644280672073364
0.23344451189041138
0.22398966550827026
0.3851375877857208
0.43318724632263184
0.09632643312215805
0.9893085956573486
0.6784303188323975
0.5990074872970581
0.5578651428222656
0.3478108048439026
0.9486879706382751
0.9742261171340942
0.7367885112762451
0.3375091552734375
0.38675862550735474
0.6943108439445496
0.7535297870635986
0.2620961666107178
0.985714316368103
0.49293774366378784
0.6718961000442505
0.9750640392303467
0.9729788303375244
0.8705271482467651
0.9648869037628174
0.5027743577957153
0.2637289762496948
0.6703124642372131
0.9534437656402588
0.26771533489227295
0.9753804802894592
0.39782437682151794
0.5220332145690918
0.3493960201740265
0.9483962059020996
0.2754717469215393
0.31296178698539734
0.9755924344062805
0.3696470856666565
0.9547402858734131
0.39814692735671997
0.4366137981414795
0.36019909381866455
0.8579649925231934
0.4755973815917969
0.6575574278831482
0.9753754138946533
0.3088744878768921
0.8981075286865234
0.2549145519733429
0.963805079460144
0.3801639676094055
0.29062986373901367
0.1806640625
0.5854796767234802
0.29958248138427734
0.8809975981712341
0.5829676389694214